4.9657231676077152710016190166542190028485876529095545867934458382339078704667027074848483616039214626703467915064089300358118386314e-02
3.5308669040655729425104007348931670765821300060714543777262606400208707895352422684282689371783896235932907421814973843949187534132e-02
5.0037860871879931849499322537758913573844804195998317155265429808788749004500768340361675390134671421285770658270488653008336000773e-02
1.0594099054601281267605806033332589156078249614659842021983189919271410902175967020185916020053919541039568221545423656030691073273e-01
2.9769535626246694456369029452831127400747870404743758371351844384257701378266805664520958045342036212695957186342915901535837449105e-01
1.0402140930106293939374807532297064465129606748995795454788376490174290287659293285741910391510830415332893940442650487715199934957e+00
4.3361057297378126458024652514197979252134922360124921670706191645774917882758933647750398902475621968420717034035452770842770450353e+00
2.0949261340014891081828471911494922298089983253509482817597743346782632125232645644676277341668767753706215352091990564672672738419e+01
1.1483250026025662925509233418845693042145349702303117249161561250470579829751677010834511440650783597141251553086471703826584213281e+02
7.0247914542689349441468475841306465439316006092248585939620848644564922572760804070759568358514969622756173202835610582555188075209e+02
4.7332788901694419848809353823988413248664905976021634865512160395605719179782478525904982153583488841627616598377314307153933394474e+03
3.4751200098041154988608869572858737996867430900584177355391750678490470433852046010706044527021004259593253192200996520225808607778e+04
2.7551200015144744837824264735726716252281948050213455570762372623223186382620169362959694023744224851920351894163708399716592820845e+05
2.3406833240980749891671139040968214015354657487810996525839049810317919017891568233994189941963598788395031734747579880696954624161e+06
2.1169108844356331633895199163907997986754275338809478821226896689678732580314987182111394446582338219925421930246999557246772425440e+07
2.0263433046270102922964170895052910683935858831526878384845641333725517073111607856972682433343771602489233676971158136666591090131e+08
2.0425151121312811668840994453367576928433864152577733347042615758981619272785466813554478208403317778966182342310902918790844991166e+09
2.1582289746916179019498924626516721447109353780352633926591832349957275760455946478519749701271229905699321444309672023605411820375e+10
2.3809750163090144020093878949989959853012699074629612907654762574263161922307017951425094017830807806679223422627490028248367153894e+11
2.7324840132707617337991422897813767515296091421896144501233805923430425221653031204412764559868206245253912259004813446722666930842e+12
3.2514434497638515125369220310518788650581713564880216945038623704896410052291835148358001744017688622003802337635863871075139674877e+13
3.9995406572123663002836088207378447565207348582679397916792785793327302988384091692036615504833491678543321397909609626892761908024e+14
5.0719047241244798735168000514516008653805157349326346135462386150432941786780209181706863484567607585790964889323726539144899189910e+15
6.6140697176182151386896773674558317221878876331163049310597386095862739815624933418509562229471010064357624772945176107874351840448e+16
8.8490924210790112501964553824042039609321194526394625989409694732183354737682717303984691982190686345785705124129407703417340052348e+17
1.2120826995219878050856855120417969053679670812911473371207986392217530601716916395285383276584672203835685194980043684275325293030e+19
1.6963191720197871003201506264996218815239266076967606078461311047383010413600900065446863469857332847598784719381218944862182530078e+20
2.4211535638149806278312484483063920649935194538549733973628468669709338913064627032867632657512000636720173431008048236504325743953e+21
3.5182529624397912487530743358548525346222981180015527919102604863711836051307110107093713497390692575836060149690165736732406638199e+22
5.1966014628351390371254717492461517852979346202283491990101673204549395229518446606501828279700829258247819483154483136230954473223e+23
7.7900309309840786215616550245972151880913769055573663978378943232639466980612925086876085534249491735045436652021575971644463029658e+24
1.1834880967782259505738704712739620285756516998207661717749254396015226108582557089197462581291150523459488355475901255452281494266e+26
1.8197213126456539092194184090120502198812849887039182297801430190489211076495380125796628076036329188331206495092387221007896520378e+27
2.8281589890297774011050905895996569192239608544119519451686651452251097953920136456906128570927552721127572808098358634434640010500e+28
4.4374107571422824714725418827285799275892032867875376772935964560114562261709487920993489687977058226007377159233191208519317339101e+29
7.0206239045373052057568947608860574212396328528397842230507426969097132398937531980596419178429184725914931349381308075745912835924e+30
1.1188127785014694927834433792213869178291713891722709971256923961724087991880131740966289363641767859191021455351469138046899657912e+32
1.7939480025811536704953089397109308753777476527913944925459018761249959766542212388062645473200377135151466384771254389003604663917e+33
2.8912508735868946460803981514805655250307413030599102688331196537294536168297408089825319095226411492886273861706393680949652637474e+34
4.6790079716444866467632021797578730472160732105937985577878067486239775410895156966021640160967697638843183816730468644175614659192e+35
7.5962033282244192427079767069541477009396874436240095435110379266055632974397877604407346313778264899718466312369169501976515398420e+36
1.2359742515708735491564665319469281852286233361215251566342955175227265164430331536862434037380704356829231587406971224450736373190e+38
2.0137181253105559615785212410198425791529173970839478081873881614223920470157163715570565283707075185190828725672891651363133225936e+39
3.2823166968301498964953066866467148848420758624998147244601017129057260636169206854976127425499468579286799919270348134707877242242e+40
5.3478532393422795572193308104130495208526351791966239363263966956786703432372566474943208213119719963192433074260025960356016201181e+41
8.7021719792562604752221124069288433607055610334249284264343432008251932179798699991117143799918309846685392012759857676550538138021e+42
1.4130685852526371869487573818650337881933622417881425971771367242224978487606570845002792639299514574079773850540498857015051918989e+44
2.2878608413000598953067665077825885729817222227931681592931351389722588578939240163470826436728506477357922610975195112910395182387e+45
3.6904072733511482814073469982402099635328835481554083223826294196820119903649774260684222071797821707519068839857463851711040180268e+46
5.9258144183987976423372095591388956291594411242242705600956732775354500132655328313458118770056605060879627136191382982288643117150e+47
9.4646337441990173457040920805590009614221012152243198510248541707576456330673711408225878477341303281185419578642744492362523845930e+48
1.5024355870922034726775374854060327181865461076254946342335406423029412709481959275674427842516942900110636004298356214138884312471e+50
2.3685297636038759405324351211305401448334309151080212219750488491325856338783732084882016108837649497968768732468132132466723108925e+51
3.7051593679325975948718144462791115595514867490311090924528009490794486501388181659654727304595303187078151320141871449137498793527e+52
5.7468873435877147831343092658076702170901733020218322174560829315652613568556697414411464036844940804437282318237598610873326878568e+53
8.8309318340484349244253371421166770904287959664025301913989642067143559873553432201148171484657424370831675447638156168466885507105e+54
1.3433074887911231260763881451207236248121374684521247327545718492997010618118614829004515970307398140936318469795886186512778250691e+56
2.0210734736782785003643501578139581860389738769027300776647726641441507535972510564829227209148870038918816079444202645324704436364e+57
3.0051346889716316114277667419775543011204115214817060952426153979585430530725173295245368272095171279930227741414583241143149070079e+58
4.4121677424647592893273379545776843918414180308366747429845303522123142496358506283636672904361559792456151804489378465378438385843e+59
6.3910162845452917867797787162244992024619067710515730610578929595782820146545324844098244664614843486705378781610625534438718007234e+60
9.1249950400213263902527259637545006401890862374559535580460515507307187665863654420282948017126951383760537197316790823024538922425e+61
1.2830548877983197674872070375885533117648921239616654104710919752832921277948152345546079222522768273646496188916320879274394270353e+63
1.7750131192024599111123432556744606529197539655254555552698201026868687136018562663382769536835747942719651829040180894977620542897e+64
2.4136972237276611435973175709849690388832289082507395936866518714726950343736130823318027544307730575072735990956711703015969804314e+65
3.2229664964109365365679339052271013802854097917874232632169812250656251300893544705819336940144625781087474174581448606218230525893e+66
4.2215452124556165015966606871518561949717682101235421121973712830958213973337810458956783703546927667830739120448135006611806313212e+67
5.4182958561228191217244607936134935218681007036756399811276348385621675016421740262656207587645293598996282055309954239828959751006e+68
6.8067928989321658640085030517860039305755354757832586072899004242764277033559205869789724691605119518981644674064520199962266645394e+69
8.3599074208243814844216018120420101534571465215484007978387973750864381728063187510716849566398069428421135601421588920590492625552e+70
1.0025477259461995255490325681750786263325669458914252021325690930206078804047001405106574871705294767201415773105442670840330238866e+72
1.1724406837066642560017178353722728512954935540280629069235237671353960802174165744280503389165304928722439493427824484696341862592e+73
1.3352580246769909981589572469674313136840043963713829200203358154055473030705868513374151214682931184229946118663100430893005235153e+74
1.4787648824157921170979941623539493127699180726335738157433733161288444245171345994301799574075921026763816491494114571864939548891e+75
1.5900994847298102801116678230272509635014421965642306064838435380313396415479485312285010089638873330877914483058594446591823652526e+76
1.6574017564221611583338226950259064020235642158265908763572063769011534187179830078732660265561320693952923133157943713222398205029e+77
1.6716538745333916278573230399503913524627695426732769720535771621148759241703956824621542983329272549435157189347475341320515075385e+78
1.6283943020938726786518996080829725257734452210132876750892191786196165221113639136063949004467782721882345287412342395687402282813e+79
1.5289098671501047251972750701083486459631729010905806583837736873992128843450521337326628939327708454091274212953341028490993805329e+80
1.3805531784164714857579372793527885479653055702701823604717524840399258030867911772409044098297300774381921177367076304816179927598e+81
1.1959893908112811905768338036048852108180006068486021170547432128331125820544432758207002033789947431624235025350208143238401781047e+82
9.9142298714775911807649104871971261521033187792967246998575034266807637665917374368502925622327953646075926123642677279623507453235e+82
7.8412755430116331092641845945623234706856137778281662580897094336322297661983859779475132189630702275393510890530052633855941908540e+83
5.8981109983013262968051840673183014501365537892301998325334635815482421097079902800291322266394463392286980843576547311077883448962e+84
4.2041553747398176817042241454190927130205391346535583997389692933314245222104263673268505280659434670253683938336467619390733040948e+85
2.8283445393432940483292880781471448456529853388890420962190691020492842223478943339408575313743867115693798368825443893715740224915e+86
1.7876745733079131391012225687578901741076809384331674784485663983671237268998426925731012977942376803340725484323144722540606615460e+87
1.0560305419333769241606664830626953693762405164308344213328336379762661102862719569972183942063675555179795448655234749284366919800e+88
5.7952341372903233706448158933669305967374153474875490564307610525776720706201613714600742133678198867407055701046657182101248138719e+88
2.9335862034023085698221853875544992447526708014925135512776685460240626647615791335206533134066714007880109664961682693592679588548e+89
1.3583463012946089319620455564857692055203962381762626626084925388813401880953199005455421388050159416563683646010545495221843441625e+90
5.6950410660886740736411395010223518114702857101224679371725198842783905680935014440801901820273012313389605466164930459193094296751e+90
2.1351075516221441834615892593309769159656115918714224895389443679621778511541180284525288895166349900601864059137052355645914148470e+91
7.0452715296026416227333095751807417969279904447593067399670712226988324490934031126173445492852093422360558564765202595100472371448e+91
2.0041719585722420788064236118990147293333790660281648237111249339329906998737626918042825336270602664080154059474538957019940248293e+92
4.7781203788133461724037880393619757619560452204092191419779175364665685663593220607022589380112860193381990081466450651927764503885e+92
9.1642372572696410763297668868497460190601741855770471695655860396823238503803772847812127036931692262445399029748482587185605948941e+92
1.3255190173447588280001807165016214814114176792145476457600027403736670711268089491921083610445566581456772516326642296187349300050e+93
1.2850984412733522675189696585310017957356302925898161247030726152864294286841836553004158961851917135819881631602192673362597473472e+93
6.2628599131654766182153113714494928457953856444192744326805053072491766383081604328540874690557683871077754383636588337585497841394e+92
