1.9444567462837409128822851417169829114618528071067000409883719009376671948466120905208699984457995929334971746565192622203953696764483434862280473276404121482227128678924888355567058997710966122722545113138215185932136884332213877399794742035115397838447288667803428526122597063366961532352050522176891602802435105862343605486222238387935931968352445085523326360057594600506885193496251494515457097899874001564777050905424443528487091371903481632886887945799913923822765572390996802502991570536917025163468183382210299791844005483901071918963553350583e-12
1.9445674855266342419965137827059151852319664748761999476920432906487648678154151138141998996969115157856163437366372986082091630296298751288219419713824067991790506369048398681541660424047995795625654083948464738949334294174617783879350368623353154701274532730056908047132702635094969420863177654236784353527489036054923382342298346284960105200819061829630455533914954591476212882418293878377164401377935129357948834546723828960071208496107984884007418734019172469627499224267387867116702702219905628553602247123780982029628088843899143373916334138115e-10
1.9456771338486328134729949971771499762156464957077113476362898125782954915253521248820913678068842121757786101162859304112872187629746735344642783232352812626519906418388911686184437546831786000825457747140543580875420983449705327717938057522396138185565147108232694835921596983896149305242061850666976691379262038321846459890503412383174600381741549025203725040222267764106278395728787290000216160308099933019022595954763095632156201422511431964811576702673548189912508491331781341021875819720956887589715632197480641898503116820253331107402227067535e-08
1.9570096599056780211133224914447367337221996298954209594192742391777344899957543741657475063752095215493366011585198472794585351462416996157523401599474266949565045304348436301611157989923557403057191972132678558161541059728357306762606886924015582346993708528050647141574706583156240412547199001194209215221640298409879001740618891082393085846602751651956559031532714690861842909951197234622596737768792410056941007491529191678314098343921966080136600939991813120403601360915813790682986119172885380945759576356352473632814862299926776539199535909603e-06
2.1077834589722373242817375697009246975691069030200798815882656853143088944792986332632880445212050995308267311158027404495112933702787881819552219657029128746676489533235125640689656295172959146911444575621183167662311673298507482740576014360375027873115642320598073166369493747025742482312632525498231601108795328380859185730145697627694195501813142096847495545891463396442730759921206329904466902378493799738030115316498483963652249162719175249711375400270513525279312414820620673516039247332477238533317183292792814109043115316864116474424701778543e-04
2.0943108372077965896910693605279548855861614494058015169566158149945025946908959233207343841276017762639226711305808761151247609178527768428255868020653207200427796481874414195095174418943429083809099686217837621144585552417497694361939570571391989783703785316435959898612407600970873659118099645547415372217333356287329498897499893002170916487199303393999841361229835731323070712487054861358985841864234809281674947553936241137226864575301374419796115104551459153136689861069412870453155638602653231635883343465003572310612433259765149829176103594710e-02
3.8570818428716972891055671290188912704449975620444771278416131664852338631798239659448657800877963594577854576985445509696475512794780147480588960490551005703792627973492710972139444668396092369170535046405285553653341834033323545775459405325135968788037582469238394639384235924843622883624854626742695509164419863486461045060129863846246981270524302777056277450485200863931599076144671065391485409884673100437575641758701168375490262494487713630061786202103690942608980839478697274962933085585655390356357220921544150846577038215873114993766833609492e-02
-1.3008105061470273832382047212879681122494910340235636602883257780434020847429492270622522171613618495128725616794730470792798499222228370417455552415390686072198981885421870005012622370397316451423113059916479268863026651673631736501766234673542699848211803689963204950450235738264155230361180733394821112778280909667832189036302779304509668644467937914780952263614411089284205320318166020516093231756920953279219813851061793477465006345669666539364072593123976148450474061186653786938902825650378374837721754659401869491135636151832024501008864959171e+01
-3.1102079175460406875841247454598686677900940139493465827270455097503778184092581775622145564080058307388119932076340785668808630645374309457022875818178086299550753351422158060594848153498934012246449552464508851306638954999763318752732165776412599993205232883826928317906081947151203530074391220729174416952589894568276601134287728785710353929604260471416046651084710276226706605739313568546037100205992955903429232386392999575844223800206767584965434739431380888619778981296368298512565823991943493284454578774933653084020590394542830323861154985263e+02
-5.0097746202681694981999507349148398555246751613644706704713428445441800155134660460231957795184027336181967961292539578197148173406041515077414269625784150933942824800409162204410421309930820373290240339791305154322999863498449800330007156467190008397010386342532865138630036429236319561075721222541342537914883436286209639190255712939298180558180918695493096444223929407447760309847235114074315482518875786472364903174676496991577748579159483037101567352547353813632923079250515638246548277612494093219626297573665543468197855303198423809027443464026e+03
-6.9226624912868304534901214807721915910847420652717808944850583557314184649965065365644871051516328951292099738319507501175047654931793758003472010235575157575002953671347343170658950169539921794166379058982305231920811843734733505908992015678622256467096415231942477562363959786368121539142623440622542487661835929207264144227295479372055575568196963015838126619573397380474325002751315509989103685786260297171705047403602915247296527818166374270731307690806684204396785948782732061348168947249852976514828172307294440963528676995997284633160187904717e+04
-8.8373101715049110944974295132243955936211519092752078204629938833917910966841334518290155926700498098682845153119959954718487921114918087999316622922684762526736546068285305221534727524380777108780188428509462917178931484739277087880136303922240508207253847322574222490304664526255592643415173242384501113610493464468651535512250662520859702275333505229522405348252963043573208289571490070765313794470244578697291085506120652345750275781892833042913248152885277186423069018617115359336288647535510949317929463588025395108977535653712330814145430660134e+05
-1.0752176542762710200493811431535990060192595123822853733908856886199647541373538685058074841957723806111384184610580225517671885198087136739853155725660926675963467592234516586151659181959310250329461476255137370566360444498505251071450669362805258151974126032902680592285784976838624838224847887313159534089597798710097318455022916850534121664624581933724898439627996748134160140149088278808684423332790668348588577796003504256981115777788520729009405901068096089326814387728093061991054719738824681690030486773277826681752262435611881582230016937963e+07
-1.2667069053216142351545943730655567109761369177897857101841163612104912744815337161545275679718789368732890893129436193752248964725517157914382835940900103920256648724958894607126898226397487475764408347454694565124597860531021647700817487555217109182075249216763605255219186654919169124949595054076103207303431216999266954106275163498841012697989771725256771243125280959739286698465637584652810579733621387220133389337353711420798648849364248559501941059170841977894618035490734760925238444188049105866875330850685419659188995042130658233290953287893e+08
-1.4581964604585792463788271961626873099560125619856756484596772874605310768757848178166376357987840618152344748873153326392737877695558309276840372252094353599721088982085147011089595564486833127345424767600350038930287223067914490987094926964384159884420504098607855607916745984366706313769455957511077168857960203350121832590978961816048343399376791443095586524546403750774212141890409533044599480663858322686969937253085037651519633572170228322456959580559266443097019703307247586769155184813640267011134338909382910928525611666818954956059936442771e+09
-1.6496860502746571617560287034871681067873007235885977516359196541025698533336454605949963756200368086046805837958350936651492894914015413168649512108859896260566099146699711478437626351887523677694385490931882841164286387990563187348420613640536024758191054259063726409660712748838886600457364572471024876595367549099404445346654529963233305646480904520748486455157475379324707036961862165261353294240199858100397649835025735147528496655748089366109524027258914801055746040178528772986978418979918452335460787777720253418248642215467544673341128259249e+10
-1.8411756439856412486739065579242081913647404686794015818964045739598295914604013203216313978809660851985139617168262902190495164239206820296949768490172149018056191154347650105132141266576525801993694758005090867760958021765773713953775309164532187794057829418020240599846232431339300175988215510026573607626294698334385504181647623096763674898759209713349049265309703432595057005048181040497992171405731341049522803824160473682246832942711979657061667056857326581672668945327557942265662779446901555080848843052992619537661340471764328764303128518106e+11
-2.0326652381288154386140146062237367246624612417816771116419819418627820369423706668707136557991305672108706084382031420621471878263454305809704915088865216202696868955782785707280638496821518448684561379671665177479386404568396559488993606608455582094630580254279046194782260701491462646671874193976208603874936751312495112036538071314943927600855403467595897156728167794698345482722240990101203320088665469578534501414756005321513884904022814121710557553975246104334609953388444600788966019407891769276750850897099924264707176768082317230014698210767e+12
-2.2241548323194785874174072907673835340983081032079908017421334322979817421597247284107599557239478055569325990506348066212895228065219950949843759048309863779430336691726137508134262228138307327464751282709059630962187687993973406934133469634441506720987721729734862599364401717932787911165135455997149815929361584172018194911489312602291229908278472148430814009092194057943956222405351645713130957843105720266164669036607820931750895607729336417107592082634093952569436691859220730275811801331231112618861278611642474578375886628504977555712101290480e+13
-2.4156444265153176269629439453743740435296215114992965662380731933829599853603293242698945013093250137522087892100215805435171784565212242817205276960506824720794563088671666381228155186627617580333125088120313484988559265552886656182783659093949228915027736347864320587218990937957472053516975586487908134135590907847501548612324066679236261736922277755980675693146829478293626258325460519401556680307788037061515521070037332360668592729354427758896359120351773246643118949185931609761026411570299836046380726990100845762562128556597288470058344923115e+14
-2.6071340207117169550682733099905555729059221067172538096242476447362791877416179288069784930601968561095313664768252985949750803191845942147084852201762275430893879980468193172320515980600430325704780902518306046458476023059525861839435603009762183953071594049024968260706735389305578783245382799756065576573087999989033922047774492404609461172845413051848377242756040284035996289252973463243081796408323680107894447972425718480662210825350292358556903659046771058357112207743202906686193268729141517528872881522680777507928946873049439467516364066202e+15
-2.7986236149081765819781397412206458182917349750643852690828327599833134464673617368511915461542433843313998852292792810554311069208901304132382512189188712548980650839196545191130780531942930628391416974375154247968197547830701568879406443406493790180312091289292042609396186997354862076944942103541395889291736019141937146978957641866529925873292156469298688181047725870989067869057360991414045199130984827418750971467526597351322277625887110028438083924814407653787093192194921665121482402021697712227280431998228298607741855799611998682909365593895e+16
-2.9901132091046426657633156582834440793078188475804410037763247962966657124433801332815047528276304505628351319315934720344869687897536324196252476686224408492219850561460879673351235924097272185957108101688067852684775712255258523085531227768383465026101918510593545579572375456592956732398755444317688953899488179600384371909527375164691845627879252589611784295650799279068913093177548518278717738021881021612884939097009599607938300827737232891484611030254766320761433413665433087421495604864459516064362213462242571394431896875916569911832885909686e+17
-3.1816028033011094379355081018424139495475092199454165016645379068232047335640832338218348112620109602357732217842535065804500798464410512611570531407290761168192428713663637840647972418359440263908069152322037334059761377003073209301520827576553185317085173376719700535473362925247903861428395630264394288696517914858752791060676301120965114394238594209979975906421317180793217950968269426809604077081064895277921384209251458140169773933694295008647027291677295661738151090096572074332350277650498248212819495456977206040955445942110282797393861533860e+18
-3.3730923974975762832163507558422454415225083413520517064339448939009496120931998787075609094745813848000031190096082246167308438126474115796044017918647300279561732980473946847583210859975927839091187166934998176648156795768074301138550946298128228211873992914722304754841241658404411223260470091216221035199540881961545484003212817620448499105224510045392087029543020198996250662974299238530786164708030903095462614253009790106768300323266902959244564613932182425500247513123788263918418094570380333499564110937387540619846334643578884185453055923474e+19
-3.5645819916940431362350532866652870524439451860005675993208869201543994883850127087070350889591522350553248252879581311533773280593385026819406043991527021579800244858103672756018098692334683508642698566745176549415768553129008878228278890166586002644418164973881513480145529648169966954595434021745956918932319360009305279181428300486918955281485780161830636725381964322193932365602826876005864584854083916257669878283772082281660124310745702560067286751518246456031862183854338277693250478106125267143882894169860619553309459975844719581032009716372e+20
-3.7560715858905099900702412907485620657131440395597637969467866063417136720009574154228878032697958617551143036184149206735873752068775944957086558234685478715292594001110512780477823349637152586721959543189263980487159204948073231348135747359950479942612643406435720120005110104871242854329392749481002933467332905148605106007267793620802367880524936909139068058335241956923416245649068061094218371922032559179295027349765427921666114105421532685080638948662821185809263542977959553702067497933902297590738394054945645080191170376771628746827633280385e+21
-3.9475611800869768439913477907156516582068783074998884509108562975739753420574938619394921937964621165074315798130561667582967322185907803230214635802750629727265251593830741623144278948617433829319517639540112501604227400127980888394920720296826042535478539831397537986534901341140672411599784804450951124474186706804746323292661178142359962114978319130529860490891769463622525287547212329600860734623541424692079909598971816073577473619422949232544973526682855744397908702385335346308230659164081310430938425917947728438665282785601292989976769491304e+22
9.1952503862121905019578243752620035302491944132663188600199212758991118119091754194023140443836747664458756626123599829129352778196060977370003221006319176226942666914146359584371795842131143108270619303178793156242129849516640317974729953671226323791944836975409587218820329920703650403883034374715055485066282980295173281075833199673530485901929987461696143251609608909588315180750457821135738687867042115843534695173977036708280743836790849859926333367597166482675492001976582729489448471432572750365092988574463916812229862094649755521730294619072e-04
1.0223906777786338897096001681548719835996656161559739028664364734431982224014912336945932779422708175380540624173567877668498042369677681214610329484938737328368057993849146359320674448379648801817654890122104381510586460020108339152404687481647907630425376764833963921605200206853802272139751275268476131290866649034555942725731069242202099121081820698200694047267009269365998821369650160138629108837862009521638105675985864537142703509250126081467518358618960677497577141518518370295480603522645744718475183321735536556282280882823426543362999689202e-01
