-6.2398051272682700884354226194909171204121102969759385207866500902763601767405560822620878687742624771475440306580062175440342209520722631371754535187697463404543033555482264708639110477920317190333889912406547115910488108401989735959828180763107086868005333572770290124144409600078124939923096872479219000643594652004416569893843766425379819429389136344514915995710136756868891718751684130956354550769994310434492006561255944484795505121282951850636651900171530165258192219422596646997234290821575628170149503965816647167860574207349388440043907130407e+193
-7.4474753744422503234383144387262277667320780611871004447909748810543366516089117557332204145198616609352571696875505701618519009292189513619707813766282842822332575629724336323208413516779248295889931559456797451694727551074211610586690645381495382952369484928265072741826679550651980855407117397073056835014760053128202518055980142369352070089077619866133198449439291781151087943353755214409755599097637906372806824934694231057871988024849189258194132594494203385100401421721774293510037698950993036036065597946574507195292637308335628519608423265273e+84
-2.2052083522260800490652960579389254341197320972925441909456532425675536536894414364832755167757348943978749248566373361806912980612732557021332496622580409252976805367035328194854204320811040907099883399892419665463720962327686627923345850366696294830347561682344600062403039317699411216896047610570821879267389534127588915484268806688315280672262082946459858324849486986533248676059965150217661883535218456637492191292080857744704554994340475971118991488056003270523889766197121293746753809029695755650314993809151987108538415961946248592343679046052e+36
-2.6942504812288256834317751241294046097907967265079098787075287175949855122213481577905588838804474414369220116891267330924286331539034679955685968641960858060271122529947482218194241278146120062627763672082986811639425106578623226485488456642006034945902182612962163583633067057678846280244015321269964770163815432161121608149671377736483181470460584970568907973486382258539051431217234549517431684775730705872913146933308554331169696188569254299300284234133389912468298764336844873786382276499312648835864602304723141515312409876237518946310676882766e+14
-3.1879537632575124365971394129917346647502875149039042318839511075799783515320629477522300635722405107319325624489280094935390778882315228079211536230665935127475829397386483586317118006909675366326904246805840556209520787651709909261217565519065366333441709273834663038140127096792400256204594659246193082204886503850347617415342959013971676694922221494524304216642738676178850219983175103975406680361907619355286306364185784538366519206748213198596047387332691797126928305091208260230374076678042066553700375478141553701930126454196036516093830059072e+04
0.0000000000000000000000000000000000000000000000000000000000000000000000000000000000000000000000000000000000000000000000000000000000000000000000000000000000000000000000000000000000000000000000000000000000000000000000000000000000000000000000000000000000000000000000000000000000000000000000000000000000000000000000000000000000000000000000000000000000000000000000000000000000000000000000000000000000000000000000000000000000000000000000000000000000000000000000000000000000000000000000000000000000000000000000000000000000000000000000000000000000000000000000e+00
-2.3927037191154440030575037884242396966651093437394710199715306320832770977883027106139224700191421723211499127587936863573049242051395003930212777376953509012947040489331412737984672843526299358984934578166433068436607226625626606319352608188293457107631706409248190625825714388589159210919343757719076564620801036883167036399582766733203227776571767017102926328960739166975982610037596748973933619286681112741345696752444729989403865444559034685468895076493503937054038803020597973980857816259247385328800133953669497320298853456029897253271855112581e-01
-3.9343739188960600764766311243599258382062623716997134741597276061206159990551533879693651015173601248528617373842435907016176916944001677045945036866164776326972459400628143467536254390993821740098888442056850123914297331762533987767977300495955572310262931209954949867062836745752705505181299941487805579988916723638204251931579691526839993123473683217263886442847304346603263840181150640580387008847183682258621729190460830628907680851874292733513130471144720964669394320940764738468184873581325082209376946820094484896153203525689636029383945103958e-01
-5.7604899167114516809195889306224467307371102722573534015203687880215043776778628380853121407495007324388393201551643075560145343489736154546528505316842429596678039536220456390991094746391427344500415442388990153777040104797556854089683307678840676123230807296903442595210185142247697344312036017120909732380223720160358126508575488965342511631937570610333901969426288605864577345620328799620788321517608362687983907169039362097917581787674276275464196375852032724166272176668986456276003134685692644716134606279650389041535913189529987490356168314004e-01
-7.6616922175809145870089896484459358137020022219025304014771684975314159249207829120265795886251959736453486930279052527654491786676202928137204183201349884002373934003158856134332063575604445110247428556238025909650959880315232979942713597358237435831613922569889505458725488784584623399358210850669460209371827968325014391204778212565913964543158009290906403536870059243359800684732703765694838362924195277776027037209950055580655518117702759578183188488030979393605158470485679822374255600788913055866642940375742433869002405184956468879605406826768e-01
-9.5747432848095215871169970281195695738901182982967346233444759119939518640044458476032395926525142649356457142818877319404650092121790040429394181830925056136634148109583773738268305972577529986195701854088166378051076531108522204691392486618788864747000515235731085115132984660417549307932029438682332508625820776251233475302224473997825812339556954995568680580835943085727000076016116600625588986680532158409482670782565474918182575576168625582145124041621631133629338769080803100795893487111386640773594160944444171476024819594915268329298503525143e-01
-1.1489407281011564385779893564117099671028527543078801540722052095256657224087768161137921900479418722673513775337117716194703795119631162329179921540924645869796025906518216758972142146506657820602162036174682518073205353087201105622656194261379664473362521181511440690201352387955408300283488049798693514781557640828524783642381100277173679690202182969157191863792527735775871877287418705972547110209694505302735393078732676584517002655278960567665830310406879885650972538055961579917028412875733003841708614506820649300910290200569847292570921686197e+00
-1.3404275283831388400022657908899973136138092833866617229290343139665539466652584413276118948609092001937523085171197388198559922058496698331703785609823768318505590585584827883080319387047553769565231632255588250252996054264052952092319557661328374538860010020132263299845247839110820357275851236255095392628843558987323142014535759158156921206625643521761662510671842184313543821590141961653115919051109684936858542208954067949872424175272925765773869236905708954226021611652875205742554035567699508629663019934625366738728360580271306969272377414096e+00
-1.5319167957440659327841337949970426208613549929370585921067991373883116365979115734419701682599748066773951588730319108693579367702872340655016492726277612524084385491823449095618289746974360217957685186757402824370851364606041526507853056028171700739531688665328433046274175370191502957098232969642308998509397526834199616747303374229512473026762188136889292200880021798955943775608624985939346344707601238340068681131208279397199204690111882207418888297140856625691351814813220052859977577388911957883832304007103072897084031004509744165591492004430e+00
-1.7234063525125889680618757166610717146371143477469195784727455578082867399808482517467449634533661485587750396014687615157687352716160549914425551457633470060117507478876270329183210124842059356704640733839501544121860595950761109402145490202025575459859092798401478177246353266615890952038637227016290976480255426822107047585034516926458620902513930784758761629041647525929427851179711954870424987007619745666669080029964070538933557207563006866451375096853262434358683697548300159636709528392258063515347073535512598084894223829163432366679841983221e+00
-1.9148959424918226822072864717655165169687454442431955024128068732895157957273532079540358946500920315473432114668098919233890057357605625109262359752801625479701849169116503878847764791313963772676378707215463469483555239944705692303483746035051690986660610791914145297745044453423866125499313627862679839218966797368492361522946676746512438487403104587287988719190739986350006914193306512438442300694446013637997107446763067527319164956872281584297648666088460561710553748685988891174942166877641876990197838630062330651536092577661342773785248475310e+00
-2.1063855362191223489656138342614975591323661371758713728874242057324812685631889169289763183056408055566818538331745830422768909268674763812534863483524397846449558238837768509861891238275935263062899725507355799574742795123976083441196065157322849429423772877460845421049261730765731129326567944171709403424929641745050735100733949461903199680065930404251942698222715333365595270163478239009596507995495767531276522926272206720192513688779638846349064167597155420310691422346155014168228282801426986420142062413194229906442447273114155094010975714615e+00
-2.2978751303639280968894031191996313455760641370683861775132536341955076733894648428162996835465424946662383203118938960939772778841291407940486891023322592664816639964400448354866769989182664846033500657988741851921585612523799942424201975703047524434415371433718769241865802518474471394481897357019321498880181309273593047228665787853097238744665326153605505926256982368568052038692091921507032339008982512359595180744286912016205389526206285619342256439332473466918247362191725700869141821793460850718962757071434536994559842544565158083267731934995e+00
-2.4893647245547544014911602902654656936121994623318817395687071849179501224288933587945943748148168556170418257451287871499385819581545238475058536033160854805432705171677784735227968674201519904425081876905482568659057429759139310502849762503370960472607042266334865920923242094705420965585571284626256368859628343460924895904913997680856438693293523575287495350193424022075921103885965876179366053873966299895852699332472991225017685998918344684766542437192771759912717866244826939705773538767421820668207570451172245316527709403115257377958917820527e+00
-2.6808543187506097566165333571532582269381104415835426316134721070716624109002379557923059833889405926315608562185156321193570970763489206470622900632417450423519665575150414453408325028638134764529791684633478370311838474248688610381982504077391712011468101767237758406274159149433853531784100152767489221942802982169132567212879680710315431878997919995443068364598579379197786529274954850850941348311428005111053584776419355705267143761852287314095307446136139933444458375931995408455230234449431898821791938641651730073740804405341394411314149678334e+00
-2.8723439129470107162798463626338057914041181929604683342453190841991252983451381906870910133204253901735484570447507023465214023258043455348231766105641714111694584896275877846420501700447435045999663969304258687555052913730048226438031719724313227405947620659897507398904929248498361174542248560680047253389016937185327552525470464153688323913123012889785475314745823975750808972310326555981046019205393061647900802630908311964243938447291906084936898203416340803719399757213459491471623845682729575371177032506478330852804974652570393303966451872337e+00
-3.0638335071434705063455111579466954986259041526259431358226392440236723415071797426278722678471076807481281816731716587982184328191017424558747135495426237859706951892209571747341967835405233853258930860512580227542076364925848654712275142514861444262085900643393593031772452019898422851662781727075669835509524829398681052987460193977628241464823141638102919011062835691764448580748893046426243920673256568877772594344928545101135195250835183608610348926314712779592924579183682455611575818719200338077764763232329702714670062850749583176961224118328e+00
-3.2553231013399366064462669114177373344088553579325694868566909398701646218416029568491365486968635033983586768716835730524739016438121237539495513390547099350727102581791877637447318177475089959774577941712597290709762722245054470912537568202208873394536750537716001525301000311500517271008767534032224079771076259181041778485497183630415899158595114356210783219127959619391732161443282877683131233939863748410881938302766301347134581206687039644918925981076594084928613434462042355176413921056238099010279304307648393425329735767558464190230734187094e+00
-3.4468126955364033802500173386175311984110651638130911210174136238996532679416055809601264928017272817581651901299965461809269490965906214240940743113833459351205143933963935864211468621989469087258088100073555506433976943483684643580168114353000817304699003979347863286858044618728217687876082445058798111881007162065173907895454945345089827180118446927298778078162929759500521164741092376690238253477922779059435304905101757417693438503019054052682725936399130908354499505734676875909921419970814752844059589136324749876509419485226060861453282889124e+00
-3.6383022897328702256940157909814450861251745555736457318722732711493405195751143350095654683179050621500674225463481728476903877295790214472822363269663319517866304435175164737356894500261481991577280146291528257258198039888939996498465526093710441874800265663693582428302153149587144827307429344913844766527254742198025562634367521676505589641777102769679262493954100437957971718727141688138492335253704314202694608107605777091939639666625538229312582945895946585625107300472152061620490636758704322917264370881596574766091178880327059838367396391293e+00
-3.8297918839293370787290339016408949365841510105275772131940543976149472735550655093853710310870001343964046311953396522818166543252932113589958310825119588720134355295090105370869493042930756106583586944475849836996807142666131987223734605921451310200976804551278469938336010594500366734759490132494490206016134782145197999166952940740830775434244644495254442019412263890949188104036531326109015063747831769906584295809166798235201954308114176110065268733847322654380785299671878359055745998664665531487541174688384971248598085169642488241164361655345e+00
-4.0212814781258039325658534637078107738067401109500152061416026439825935175113944027337809287494277697623896580872796715551454040923285714648989240590585444411827016344135674722854910490738325618819478356045119490930975672018197198034703892055540503925491538146934548065026659514310621201956576402911230893537993809847132530787981222507850725169142088789469451972493944746678162933178996961894452055334535284717411063941354609771253542862549726638324004774685308983661662950017456311266245854274314371171498956477318938065784327440459270099700366060061e+00
-4.2127710723222707864871231194732644486958097664347910420026187394462967240738529169690854457606171593186643332976214971999964441094017488576672806336065316453882002386948770288244102719670041768015931452214048050474737081665356150930900184591326056682414544326814619309125320580890911837438854928700189140454783750822206047535235960488633433629733688101404901450793628223864838054790161301730580101705009812352588828300295816679457407448654591645706803853143190866644579269729914577400831000983400624056108487180997134768555614197545860621095730312444e+00
-5.0117691936626838948285172885348982195461039924372389934475186895584372393823227787350872763919794667305425212033889707603095444737705706624832375164666462693305830010426023824205104870848370181742708489069922757744883729823457524952591815578831720551312170590615164886374046847984923150214940956518346294773294260283251685491654046610583988537306436793072927128971608861298789634580172200287855583874952743140393977749595991249426270300349075324343152609061241963369675674312861968969606625121313738918516935810723572138683757604599195565134717630931e+02
-1.7126451166799908370401723102430047126878904350443488216428459860259700642438510834574639005684526519579992878725167839640938229276004397437242349280281934822594498045039275829307089646440873456940753221426530399609755408361481300029341385535085605331767199255669855045580588634633293394573837307038508099813943988250824933781226592828848081270613444152746300605342865792368304223405871246343275694452461320991727906386847883644174536019067168291072282916016781425915415326687759618803334247687162983535437780519223729632820365046981966342499400768988e-01
