6.2398038745559291354552581950116657803522158772543810295856101436539403523790053281722992964069885535704327555423959170893220416894855327800570441922351540393834384039619837171803926801199740397544480078384102857603913621775210287283758783802664986615014490398736928063909025074667223570860298701361359318765769760024708509478551595108125065533290264179684004854620906755197920970689424285242830720117233326614817025047498045294365676383051434921798035804878940663561007429069227559769013099297972372280294428840461689246494804257839851301785701394227e+193
2.4989419519649017892743956276628286398463633597914660400969841899533725545733992916219766070837325149970661828854115354996245008447510449698984193487114165551770334159197928564196724063821391790966983382417366937436916075949979515151769743740050722051100175611964655196190617828106134851631345272979806476937527900136407158229748390670887755291452098897027531489703165197505918433291357435404400963961830036181094029390295086743741838438580477020328333094623087158461351218327429918089044643275374971200867946122018388959407827746356534462146717230665e+82
1.1676815953189560847910074617881093764238338917579545492129310963242760649107955968610521785802395815513536109680505737146850879189535121231628728322405756199098651558636150320213508718294064762419623124894470918187666201431196025243267380834643099534601729671303600490665438746014514672441348230048836900281690603082243374471724911835951887962169346187861611405259334920429939288367866630881902577390822937262067325019773763897964500629010592231085930240927227723495054185465834951972149584182359222651205941853469540995708739114425021021792767967578e+29
3.6235148856833673078563408837540913873713138258476902440211600748737745656461457042454000053013053928005437188968674251875916186362921870375681556487424427995590114184043918417001304083862588389826806412067656675487331118368496319449017233623615717560473528290663191471399138722647304721457200987952256892308604714668118043894457600258452692111724440164166973904815920129109421872380523491197520482420821220330602886581715510545431600565036266574260391510010833278758188388097413349581277221961119852003792996436601268295485524772875198418170149396324e+07
-1.3251382242058859313391540319827664166614690001589294991108438479601971878678336928097637061752556391291047693280344493539024377569838486965542380281153610999588195581698034489679838361381165068882316781064211789395385100245064373720568693040358319225062466404388802176448160532389489081859552380320110234874434695043297835233352300135818483035023003719289268671552607723947859522706684226668573272269939669810880925037487874195884954441515605954805457115942298270683136847356139949247259616635180995473007902200633215149264287255518453795640599540274e+01
-1.1239719927040289087539363710106786585088124487545543644940863944742369557877274474511648060370703383703539141101854973460076856516934361750737394087298760026043729153307588623871688422092787663684459529450760528810714129859211283650491020369224688062274072333505160609552359870401785044251896999864798649010969015932297790910879581959811155559989159668906639105044256515901003492916950713343864289228034942805878252996613922005026075716247263087693385683386648588262150062205734859627936764302156000106802790963726279800632633463983435429844940735126e-01
-1.3234844574337067901008873451649424821653216706461409102369638767537254155700305426433599284366642169923585438705252430743040091823995465624699240589358090606083552781839957946131188742151887744447176086109634352054677150810749930627242704634001858771107220008705519435372923608327401650634123040096201645963550489504298284373299632766903335871685128479554255930005919359143258475702985713196198219362348954047030637889177961191765798756529995915548923316666867859893132533826952548258238812672497874264015391615660096924408593277093603926705619125775e-02
-6.4903829572689008998432743339672584729260720395896955900694449229493624800799607932789349425301407968692949936413759625723349751357948093320079099113624826345133798619132706028278087905637720066115525786133392710969195631015370446468213599604247273084817702072983974532095666177677906692909829081681409122275522033119403147778176690227289821476902232308295228738637162629219359841866851210496868643486887154368932590101646130245939405195988497236653950734432612521416675714023996513483723250276533734391422258302751446336830798797106972556694900097444e-03
-5.8433730052640120177781692734575439498409664397266739017286324378208912581255711402900933517049108496992020486629580186153649868305821892175331463006646270507289246702196043741924587006277298711251301078065859366715991354289880302837168925553124941933955166801969477282838265143741873343957629669293299490547119927217134893047732695835142592240767623862573950310075793421001425105110703286135142523642364016013953077966019816541938721995607076218689398270303219281593865480013787241610762628480872822785873229994361609743273251537455852175505942303681e-03
-5.7789423939673451633424613516455327090708828193331780208281765047120096970485215802864589910174774532525187114085036979670946467363070362420031342430572915527699585635437075111052031979969952960025017944584256423002415543376699875968962238821981876796735887009037606073362675516401556478477462161443279602406996926111888751191546742940315843483284121422396911920398781455231616279515200219398359923907520577483465257818202848575106920294302736615950094006450780325196670549059386238303561369553614436792187521677131043713996365950812475462034427708501e-03
-5.7725020327275830902373778394524684642928273432521604243090682736938130481437271473548439742279220410957758956647647025810150009967411130485662252328563809393586129136894889470413667007918665170881476525925588457392553531602018065007113114349847629474025567723429386752504626541231640719144505060049750533864970130889473994294619797546197067991395530286814493860822511256276272220632226070303634272113005473856060315411550620279526860196446927336976063603550850836872456375031000050449653599167957395559390199489579644338412787528340843271765473398252e-03
-5.7718580235985596889949119859463622820107860958232942724048151377008543665718890486816491925681544602662992369327670186661567575583589714716102944632431154035464296247020403858023051970140066955269945026971564289733223615646119648794489368339608712427457771208830259777306433958003359278341726302537204803238733820525864331663819681569605659162658780794691730089905102447973211760707584865005718172183125129179762077206363558453184253517552084265691839666990387509865407403387408658665611656747109842325849241333268439305853592228426242985412734994715e-03
-5.7717936229556029309805220144869702090967747293820909771103271999302565294249404636218624502596402928489576011641328171337741853541633171194356735291703941656367936728957025518003055725316989604761839031574187027515462559668680773536688877242504923521899333440468459009681853488539836632891626270709820970596435830345460927186571837080934470092276970222853936984312015991819069158832171075057190158322385967458418813530532471892726512969701466388177272756934595839301410342471940283047182646727379266606385487636401681707676243471242565894972673221965e-03
-5.7717871828940067070542596815849700027177563288081465311341931094474609606754143453068458049306926757532205009445352433733758177493304699530481514489440281699786671016228089219351272060794682021039468973286087980741766856497126367949676164315418615063521150614624479426184548581934013603810861743102917018226777377166108839274852122190745073541920066196940133744555300524208548980142045315927366139753297526162568075802298925927092278661681492329948530557628280506400627412110020180457228592630806563942771584222634686446967748730196559574688457074536e-03
-5.7717865388878740791764392959274936403431590976929629995886130893159669116867360375915346885328534106141356518019439070053784887693387102277408175004951678671418028061651624010088233951638168328350522107027899607765924002567344718928298424629834813996904789372661997175361073277379355683433757277149245765435597090858224400610199828025388985592035774696855448768236519905656664976668447893139343083841175190058153043611195218753926440665011782719991122298448227651197028343830939145223002981124369183193698262279834539874386939071872850996539914734696e-03
-5.7717864744872610863338013699193527427570324596143960048193701864325465884480135547769984729751244076035159279970101982692885450399774650946634046683061579861289622129851736997867105378085063645737190055666777471679845312799665007836119628325361962512396971298837264812463002648033479757783285698803783687269830900447268301507617760669917895139732438752508366898557705750352006195686255565025432127130447202848115273283464761708494712394399668281256753961399636378208824309615483241756303707630441527420680446124008516584709724890018219880528765299312e-03
-5.7717864680471997897489890144981960288087806343018163299497099446646847686170954330005657766238657902016066067721950739225810701798110933531827847578937484957495233925248017555463610082673155116395983053849515872419077448830218452241950155059641139455393355193361379626759411036452179799610384806584021115257854211585736903665627725825404790205095338416239053514267179181417824619048213750226241830372999376349172095611205992033585107859663235799696434221104417599896354551361335282539960395335523357672830854858990917404794309921731980844830421541615e-03
-5.7717864674031936601175022933239310124833750855315468828235956331570183412967374111891317625787758574804505490605610151631633758746787024575644735267894271657317251092125843375281407635351117529767406900138972567126558211601892949943090783450881114950404337188226062988193877024925784732589731368691344479705275719381726593217461854455394431266689770451187194464709959088262708741994422879530619905291055695358310343377198133924722251419792886230049637794090237633039161037793378065080761107536103444073532127578964399555054688085942235702654241575100e-03
-5.7717864673387930471546235663501790714828403322352925744469902572619512712574265708470965100224845039725540073164424777636364962743500356589908385084947314174545776198105541559246275062411189399693445976025487766371954791723381309059091871911712134245769157629376331737427616301063500264480501825268226401708117003214371946820721714716541644377663369755854677137398255534505394463874663766359965230303511982025090625296838283434815213628864639848044466823738489786588859844534235833886322314443000186298412308285111345528744905249576520961820699094778e-03
-5.7717864673323529858583383931042406190431882265556398113941234262631988659983493651507627657132894793654333241590019348527137586937150405063190256026380664184342965799557632331248868989472850385429708958472970766945681771788425762623446131933629319638545064383754964921796790583867188214008302753640849578341714238092934777890268931286914296752881665558879033281782448031598990157078000796938873666171416435961287927531039570497026963311406826302747631659877294573263820528282244515593984104794832350412838385533539659308140803213736821646459737440845e-03
-5.7717864673317089797287099027741611412118811109958113188859731316303216145795325941515460181059768175177916381820782096723750801143744134775963414181845882557442556132082926485110132227118903088745595311310952514150626852893476530207785174685385213419921627674635414790701864227282012858566003251789176552509618837159131598078867819984368915883023224544677246729025153691440889058699146525599721117160918225512543302603921293050340429957044021900980640319365414018356776553095800483596001555272762938617679708139405232166282095537342158479467846300523e-03
-5.7717864673316445791157470540110983371028730344712214748194665412047567670221096977168309197791102413182857379782956685442286809635161442390862147976688790737659454965180969485498879606445523301834871900474581658404331824084095337846905801643761831299173311658323359257258457374840256185096532752855573504436287962467973447972233619358889981305944254639831017028505104736876588313892025353474281148490956670065663624525003502173953024215439631320172034798751990765720783379426008868563553858513986031404085200117904229121441772515228887542163529222927e-03
-5.7717864673316381390544507691374915081287134492231577321020342254064007278836503377730476608920432236071856554293802347281730551324912556880359810335669935374647438388070559130157743117097506264423574930919694548571556260243737051574873353878832828695415164350606815226242877148061615642810318184871658880618078713653020209477774399632205545037573532647818384075060055344069960710847355127825819805059864025211138931831589438054250916966081245370826339089820795913709474481631847791861680875080664964020827502695182738916765529245795761272519406674487e-03
-5.7717864673316374950483211406501578197456649029184493915588205554100388186592006741152034306020716881693768451953903799486948100489076131224209615751557797130382125150048837543370348226624546906929439630140654994461036495370296194973043333495096326657651691777817591800345015542548810407772497241536611137809894919965493092886283798774751208981657448162688566509562844712585282624883482192691058563642378110956580663036790371224740787657226338986165145299849781922764379740105224620970519922118379790006323121840695441459392773179838101831822340385567e-03
-5.7717864673316374306477081778014247208525037224101755919230961214046776141605845319925956725797442609417698445945830513442477718969720557591892672518394087829493920042092241013579403865775329972857719536631526334051418130303766146336853621315671775586038311752200879972751904319404668417240097318396961612190708877737127703246888903273596797654307255965198279921345521983457940385696481967904303644758183663064520498342201028400184590349812737421233783555442967649389361943652181252683382236708086566155531830297796584246515376331648570932662320850292e-03
-5.7717864673316374242076468815165514136626390411005701783577909589714627127462168110480929149505368561935788632365870905683304860249304762653780357446081146347304341388708736098800366842907028948448803382890340719062828235346162394594604304337047323395255998324615034100468527871477006660692070724147320062801440479304362308193975106761525326166505918798262726532826564373928378472922509095038244191990950052093971261834317053953621813975363007108591305455041900253571795639626700836614492038961480570052469285970501848795503603859508468183201080031662e-03
-5.7717864673316374235636407518880640829706470873370218566612971968494518132671984113583619262525194207770408179778010196174095454736365223349441481461752307334410004260030078884099698858381974356641770750054613664617246575853301128751259908693574113640995114414458586243954557263076550865829328498746141490512227103317149224707595345826148502271523072164240358879819581503805078230401962306709379961571006521029033700848508075331715112197203232819828680950435143626287734629682385141558613067062525558940305949913252029909269191549499289604985569332747e-03
-5.7717864673316374234992401389252153499017178371043411466882442422597754666043931077646947635983129246489745616338758395598525337361075569805756751903172451475122012770781144096307661402953992106190506425780462836596631332894762596186575518059387751458520236331329153610624960553124573424503875425598569422416318504732000670585459191262563810719461225673598361844015496840673856215861235800088178885511868321908131742068279283080844732318464722917688451104812453281426529617009904508610168188329830262593376632616333327813365355859172618714885721554833e-03
-1.9278551802371340879073817633257577722332832484077518518203723675421026313042112866038413117935665260328444100279700885885921550980272369535006424739465502860059216183586387567488274040336906194164685955601238012403172305147460315402566976964220717553056843285124124833039304264915423980880732807978600305504434793389393579215050360188390535722021887321172953217286885305728496841606546926590374368257354951508766855078832271829656897241161473838269510727994661476968712796882680449885003091946961726442655449437793889743870242670256541017884949466001e+00
-2.5624950021934994048399168206817225861872471924192024593975580763543479842393626871157636893336141769877722936048889933496783616284740832454177915608029163698139580706400374925567886095558815672749773686344867187205832230837020128985167717822642390659095597554834654190479210666763218893179490380198944995573908012855589917768683920284984665590316966633520196470415273613406911452440112831924262712037827860399625839348832454971959630430834567045405397041913623591623373853704427707032756256523446020320720875672045092351599767306454319847140538021782e-02
