1.1618579114234308254726608676182133762823739984045875102876719125535166953089249993518936841598948682192771839601373271935899908582391791823142696734811541499276812514270708862802373676337860598933995500671822792444160858567562106687902356277361817865825894824953302639992079906539413755688090856675678839086147726048579169632554320180563420172736537900646632123213342822157175469994725176690097185604085140520075345599173047834061008662496604850987389484721095054121104117667315844840202028142786594959863294778281128151503895524502857912622240329192e+167
8.4393579646375365766530561195516769224443967210097108998235398012502933016766522704157339554358746886716087972611742702886680845326483772985986695314140524946659788562655836827353175262296775871800266844957367854556437899415253095667355549433545431879534294859678825091797463005900793747877125813071806038094325423593082559032187306158765514989315783891463528138304879935049409681753861672398013001325023546120696379655118288562358751728047465601376838647035972900194437395363077497652600700730919634233121058257697469784087424810208417239028146547505e-84
8.2136011466239697968582820779664960470356836981579939531987751701125916877871458184233612081080672060044893160703305794378013376303754882412466854929609682254635350451030881450087946130503257173893801340938868909325923479559833052937268786707778114084867445822755364068635641714445724400301803951342132585308768148807274883672747419961449932354397490662738398809297153353611087402539851019489648556944653497653609473305287479745310979546252225865699838925925721510134012261190339205437056392334675668179611535202481412129323256456705160804414972736616e-334
8.1916810117574615836297519515067958378325480476052847969501550139460681796483599364648808868205651337112395585747614786043296230307520638088474054640804644756931322641815359161932547984565889074300497878817931215922756557986894042705017504600431355511540698718767508187579866861430572668900843845384998014562760298776790413967626413342925644599020280228730801969080579484293871262221788174396331460479012109425186351077892380428369860066630752668418081050092359928154238274199694543343962791868259355081478610687583115498345982909284002796520894548603e-584
8.1894953637183368646786370767098024013858872405709416120863353082181045482556711668330516852917269196569994412896055248167508732285692711584842814146219551749915109406568806496909261619849391343834709882294274283608221243611901664363133549178602379301054229702827422057170360849885149471192532105957651960158195345040057239791269607765241118688541622677671300350320365920238506203501362966969384894792745581578709865246579959435346220156153115386786343681658719131038393896502222354524486980096334799693602326718737153817952458269218821145749611415418e-834
8.1892768623843331960801434289363287214709970078444927039010392404566617956387166954746657566369677246042188435502513508412034334782282659319159438876898987800245415151729940379640368326546308566971783447404288402967291106782428901579447433293625708651439350770458589206796287005720229147369077424043836322181958153095175588940403528746854022169767641169336262515714328565141952676119987730311156428051482761742303698625956738447554242155163232714741300698104205835688113338719156872094994217579097923370571518576142890847002848565291706290395335613115e-1084
8.1892550128854478808316189581454895841379095578283803566090771897274561919397786288301052416248860425539322755953317561848498539627852577309273965914130595360834651124641248653703814407647577648234353193582460947579259852363176304616382981624923348510383882355188096637904791765583905702837727727129492497188163888792758951956315773217169922466632923345580433675063898446705162309328250107246548997095406662643638143684618655880999029179595853810170133906891469119973895268740140929857393471952500766762119776892761141824679032759174849393375793124535e-1334
8.1892528279419043158393110820779587694780944964873576958468584344021531825225648912495775574050407809325500144339902895698788754252736653087103494842384307374001045729886838806123145590548016991270557306785297991590972622781144253533715284702083300317421247073698214614021417304423155595769962074357295976971367641426713427837696664924869536211009434419287100291229935375770992968043522595772071458817413031993812182095884709215885726487277215826109484970555970785077047664678807169952948141300483847916992968239002826589053363814891375169593419979597e-1584
8.1892526094476134088214274552975135387601469428383710477961398818526152268254325846628126277092354295688030558052577713751935155608929115885660219592251954609336007771069966875364229510418423892398636584253661591345972988894541722565424579549564667195877587982404109326219658220870656921757920959057553736347768873751635297936728497035396014183126599197196362632315460845776121142099835955054194553403629935013587593903778732110906229868948167408829626078771063855288884877560246554300870425166979257219705479047877653791502427287079015445595500557649e-1834
8.1892525875981849526142685864712126806544632743253143734556299525049256637427247142453331078083921932958437573396684194336244967491117248226215983239704599153496406179994685896678820748668742361795104102436343654236988371028820843683217210534427231428273822364965233615277786645434979052878103639383162106516384605247868493311416445300236007613690319610690799040503930957611309893259894193734453755467349479589397184618902761508494887589105702419517397012720295738589902996734283579368438187388412580391902754468940366117054844778712072927155504626193e-2084
8.1892525854132421133384988105493963483692535177328998216444027228416672499770513472997966544377266746992885274978719490539371091228828009699209245663363103144132006544629655899777361516878630373600173660548239602983428122367379605607527423112543035989684395445929199831516163759928600074892732548155024150138601266046465385572940272385872302823517986249639897725106138331083881864581036979987078291318918847454053970618471416814658002600071797627643607578861161128405124077656732562560083060752082236548505224763451841424432593673183436710602207801509e-2334
8.1892525851947478294743712938828451542764892478165391236976931674561747042577112964826606577676506195047052040987715369531579675663042273111584674913003131280070261066800323386813521373162213887582021273844204633493856348746454070628011799178892204670179701724360682801419816887012467828320121761401583043118478669416332402081127801518172949469198260025611915241392747931463251999921082305062050592323135101482756578117002508163029396072220932520339533491673890798529466245209466244912752737482572966568942198004030719997044681636512899862990056665685e-2584
8.1892525851728984010885930368252623615606992537291687880646458018489058501310930922214032021891693729068099792743808745779652173523421310633411793584488342694177031173645643665771887911556315930787451532046848751077749329791421248639906283675564673648477014277503021979303809172288219105891267222552635281073365385642831706604803605690610944995866815921935641485273607786915493297980676543974814998071517852638080229363865400737518290541606442614443877860548256085124111325614972708020457948708555900054950524115125233984979883410125428431067594846714e-2834
8.1892525851707134582500215560655946215783573003515938182584710835770772260671405070266669932696868519248334106289386391581006003619572737991099562271767759933547881643939504126541414284386496446764284251808216022531494850735218314423242295402295961619752981686454964279521084094061778995860437768143146617503105223553004742270802900535453915470346577486293893142622394438771223108991940387074276948587265321716089597375055373368327918154366165459716895113790411242476122086164379408839522137161884558211461268015600429984888939966343640977387299040926e-3084
8.1892525851704949639661644714390887527890377776611336885772875726715182783177688436064869041757093365541222555443898872903085439225471869434451071000562381349799159585830324378700129960708519723612453243767251843692216427075386061984585307247952346634826590542438811184904368654761235622018290875831441906170969960899070964490941675321952138663310950482517939282834546719151871189877109047820973699957419016660538826455144686613583274900170577791162827232779423196941023969633685818759715597658683441065070289633047612268400322128364523370023279101248e-3334
8.1892525851704731145377787636109327749620109944207481633915509535481580569024135471649575464256270900958040834394964065042154394877914575017792100495319710381885062670383667972367923508705621237401974790676407128823494412269544648348848900169517984189239014253537761081362284735699947329131887068716881776462901251874120086536858286950136243323929535923931150002501986812755661459730576280935073337154218183628736154128482618522788822129930011178777074676580417976364026577030742014885913232356461625498894656627345303872930804186442516889807456842705e-3584
8.1892525851704709295949401928344621232698271838092984033177467689006715204492666319318862890147628876245102954758136541337677203085730299860656670859687410803358571052361296919517342523457030562882318458921219136709016959375115868691462914238378914568915580424907386412702152955141318826780824467364737655038015542562635584401299709711769056830260900817066409757801873975150798807538440388530739750927350395060186773109402342420685643414002723169939181382010251035588976678257035207227293470073938569330802899734920685309939353561491965022749503799943e-3834
8.1892525851704707111006563357568785075615139912413016174223862744957718196429971838479067270052796121019427053441252753544069159198272918206312765624972077339589757427556505823328445180351259093169331014446657890998303450757031389536990373258444564149890569390603441054937669787460916454126565573212754032107764957530501804807482649392811325941002285318738445706876968862889465773089276501152124440721549600315535573313146137562423455708330549699716134411674541861607118505237236750364357147966558922847946259078706774860559508325424976013448423033098e-4084
8.1892525851704706892512279500491207804852917238692494430361579970535302650767731560327124288483587538427171985143990939426570989812687225109641054700605583743377949701608974018921126741407826352649268637324645769689711430902431553331155950506711551339830015618207785066283007664294981482090805552020256063392648866663068955883426640593065019453080189462414131301348730706499488755328105963988677085329927737849895786758470444494103594280540820967215485575512319115926148584651598246228457233684574365701878395520609663777225659185326317960926730163270e-4334
8.1892525851704706870662851114783450141226155876508915166618704346020990799738335977658294481642357821474374033783188761614631076474525760506697581554016717550979372072257683399346879000464811244660870539537443425078939823728762564823220397364420638717988297784036824599620208830961013123656888905988080161003598573024646319178603507366684147551875971378604102951247552249751242053955329004098490287582823353689480357612426711525305136906097243641995024081437232062047709372246169204101840693723251158119484760232661977935840528177139932527634903988576e-4584
8.1892525851704706868477908276212674375497974349342441967511073331974567069369022644799187318144136987371942466545048010943062722753810025409790873267708912279984341187084978840064426149687298415101753356018515934296237510841196642714422318601850560507433385678976230882863674545851079460833753590706873823828186010013092487494001690202550127281238240917690197047465912339671494674775591739803885802833477928746318590310829619637239772011869076133481431522898686126557387648201522445643351770813766962474782298131337429126160878456386994067910124418003e-4834
8.1892525851704706868259413992355596798931501142716313494871137019075850499042409458963590958501086844609742733046696439525542246584390377877542903644426580898641850694204328820023763044977549362523150973714930427456500261298018240549543237734349829106268771521787402074234170906843268451049019594796807166332119767377434773310556279655190598632244059142400695589240574085303616449339238462962402224031711947762341382002447998433333978959760448371585065898983929545831826397623732191942659366743644195743648388633756234344830359502408010368828207326116e-5084
8.1892525851704706868237564563969889041274917271514605836079849815894059975765014832102456230731019224931186423951967159736730814498479898614060708102740025740573631236255524392450763816932058371456991262231492872565854834131783661220412142377515350168810959170444705549374800383889458245456318117630662225290633635757546397221697092226565811837782601020585933476253980852994189219866695679027321662742779937154266579549213979635008925182930563953525426738535476914037438976937915125799451355072970255979854229376533240258649922617719546328773948368813e-5334
8.1892525851704706868235379621131318265509259518889044122085448158017184756650556199896651201353384870045708349091791994356410220176671533245061823060613514370091456252277492628572882209645867204352421378519674128946470243475736566380658659437101051251649832638352560782427667512316608519521623662880044122645204358749374732789710003053642470549212212801396133098507161648227141127655795769507294630995367202464565508438700813466431225653601058084045524798099897238768856346513763833957758191767847362188274231085684780269476474205873648852061220078334e-5584
8.1892525851704706868235161126847461187932693749971434041204855262852070496093118873144442150671187868947466688884742526690067069027193035433018696503533309793750404322769623235281505672424297447890090355541833546141697796740070348593463278116092199675435712420580816591707165584532729363506217405492992466405289721386971179383220098729346955123098703124770039352592174120044788017047241618916746900122485372503325308661800680315733659144640285038035739106615194649885784443073576441917671961703662380182980178159745267913422183048109671500329724320186e-5834
8.1892525851704706868235139277419075480175037173143122494021984446041782962873937101562068529021708131419893701304123896822371100335075208141780043747778800878097712101072072911088186110128544139485993963762483771986504353104014713835704813855205510977261893628923165085151710219863283258270285534860201540989266563486796960002804672511049858450297420699009928253349508816165931523739885204396033678234122341267112454747522006366878400338220184618712345217069625665911037276707507163341694905611880955178545636582220501709664376899588364532670465962148e-6084
8.1892525851704706868235137092476236909399271515460925833912749249087816446640607565890487803259896577863750065310889736439680071178497550035902238593591715679422956953887324908907626920683796906796380483150964290182374213882235238510624207297879107799172790154547830636723345285388417057043295495648038475158751110047630777673072941073767015297958174796923295493856489005584261374383068866476464731116561436844639625815363993298397196906414299368879851527503658136403537162469287920520343860752362744384624295156570370430465693069863184670170698251222e-6334
8.1892525851704706868235136873981953052321694949692712512847916248239690417386320721760072025211315741014299884770481370221016536471145794499090059539334785251362890139708565460306136372203309548724977447163380502429069143813876627344460736377861390663500812839062563946891400917520177855560365120597574279348646428320021503741595877999307951032487132849917883597306533291759769129714187415786646016448996393436448308938249274668092507745938752606757856976508281256397324218820752777363102135054099462893862164300048449945908644198204075312796325014848e-6584
4.5263880952723225612118767390990483306150617030532283134592261586788595101196897024827039130796530420180519278990825917044750790042909883225481293803962741741364375790731485939640487716540889191164108761818469857741738748152910778008706711753775597710674229545380157311044369587480386065968971227379934324446856814948599964670313724202087747156560182093022656006572709277876607661321548182061511905024968366295820750919907091946433524969899831451473462991828130331703147042280472664563577920217387892607540971482318887748403093822061758337118012982671e-909
2.5017664053615482503203769369076438884460392233781832740008635251450544287372022261900432057986875452953642378231764943075591383971108341747969681482080431379082115728293630293409077616136633376876486638005382338002232411361321380245195829326689990823864861465040371114045851280165728257084642390656979497265984977399352946507161363461813245704129373959164378650632034074685720494442588650886767980126676941332455346723616590325578560931218000242892450018216380938450736384892074521344178078312820757509663776863679950448087000621874475917145419347568e-1234
