1.2527123409529801644128606722258255861649949488150189061837986798549488078493988492034425185074430628932551491645053580314130931891406632552230602714119621096908726187681330428317853046716777390954612913765746409467478402579735653510735234053902444636755799894154277861902337076201995115965950722912875435970719131423945311878661917656869529495093653893265743542339214529883538772183065982694396976492797925356841244484063391711669803400326829780689116641496193173303193014031515124052891832845641499514691977886317120553556167540728132208478357374304e+187
7.4224859549226013055455766007393818686412143469091874585946594469917020529001630625080540382755222238186693746544730550070522808605461981143990383350059478854957471237457602601540561046661333180387376401149420200851836633768526841823026704647589832674300929071717546484357738876007742847034676124059699326988590245617046619540445301012101454393637148389604103388087787129191532646089325418529349703859486347263772793286982988601651472283380480119305339960369835456400415741885311214749216596431790498514298186231848588668497310623495930013019666086335e+84
2.2052082406355429499040178380369275826322297340354027518564212552222136603376093607629710994204436972037428512766147729158031599274262027745815235363983462126622898595846188530680031813052341421321042780166393150178291661392944491924184458558483937816385931526740406398040674359888679703110470397394063909440593850558894431895422426574438121710819442110694307708948511274492420601436659092657074609850481636994002894441579300794614927592930399191745294221261238122900369506787370431339322862504113813777592268768398732358342294179520716074301869521108e+36
2.6955937373862902979103846758608674141758191193414437857063693235059915380890960725311982284242619362604296024636078971032629651348096786511830571868425963073581448118402888321170422022877001793276690780172058583457414221401743669506957639255768928053412077342772928933811559281908585502526405867174663314986057270760681688490601994031805014101276836965898770980013190618698563356115063703512926616434287995276190286189791932544896167826293256088711688344448338967490462137721787359170444109707485661271474073121824345344488992019068106582853013626966e+14
3.4349610009301485006900769905713673359692741791614635218832825025458919466604544260375146569325440435163059424832563111385215543208453693022633989457876370040782265366347770896216094137265325305865071598679852569927199906928093675864798292202975685659361715510196502060511180476513157646922147959660455530094331455686770595616032718524169073865854856377698997290586058950460243120475144061624121599958202328339468090233865424060751229096483819665308530367000799181783399208574157163560070241365751275259489372670525985833813026550702610287566781902147e+04
5.1921524750011920951911063585629025559401926759024751771137204002645624186857344621685071954453333921515722409957577925225815109793432158666314494135278802038314120118945130247856458232961649135257822113196314499046351209107443776549160309678007568984889117584779157259871942937488709270178881403631046813880531440857048353293724377878125460897173978234996831622413255888036659011073911364375151532833308984704906915108601856643295467282525754067313899803240625159650422164628182919054285214267922509641658155040281395243250797292524359303416830659982e-01
-3.1532052498041567304256493989991883020020030924332293523949314631768333527841612054792640537999298556648815538383546440358233886059577373193338227825963270079661533956688405914648517683545089575333283614361638965599815106070527720269869004281504556961180816975429198305582068629663625831268485803154931214945884906844441791017209945438998745293904012192747868915233446864348265442128372064587993737778470066456064943653783357925062660012541109760536136736593181717374745992756645611994365025861035840667006755918055387437696143167044476100352052118065e-02
-1.5392512340611574566849488022687039720229198032945362471302128315591897885146506636721743548373745826107713920527638520513346862292390000846567505244222996091004491791332060563635163902212845969893223064217199779586883836743021523303836859688247404941733907559231977205880231068121566061321096465020581545298328386423156944132609690278317882187949848408924695054584179401839593232447464460976139228171109132158165905927602590373556319296116541260175718983390423274651660532738684649347917675661202910842779238047171792687762087569147810919107852529108e-02
-1.3699241161815988790468288777928649621862335423774606366334928060144540420541469161724196657735874068713128477041449682145771963970114248380801213383307498261523919941979345044366191975336159520768987903958546205517245331798648614952373939816458865251622708789415849353994443305611776845252343542410405072837175995871564828503108842431285167774273960173378832006876166114892632538993944796593434858835967315125397969005262681032724681831924266661272694470744401592908339094358997286743129062744354944284995828357263718513649769509399775987884893662192e-02
-1.3529476847189026505247632434132747221540917086576353272822756644287145018063960046305270211121850819539880327187487405661872114787623447519592967175277082115711030152009364367133208636086812500188932575153461934838598403354831176614722449992164540691597252414008330581070331820666896167264842684901075730024860929851710126313559024695384646068246287330996653870289432576973167568600244798271385145055890885816027144915386397877933083467372498526599715075675068604357588506157886629069141804994298376641691378620134832210432307294421214240329453633427e-02
-1.3512496378520819066443246915296610192779039008309193422678950310932103663280876652968752621700066281653948463796284815278193598709645303978065285052922881198800265189816217857015799041405403079970323747174177109764886418446072688937912013994659205341583719678583325126333717039713682283613804961239948101030543401381371178086183217836206199234604114606562906171682464751582111476093734534432788786998426828866755146925125181746553589296424316349678156455438675158228756304830544606624437085884657415829775438575068042150400018569434561642236822985173e-02
-1.3510798291614639649618878867673905203006094860629359281470091785263163188967064489722816833863801189648245816162924933582510399429162238499527722897637411455319610247496473435003017515970977379576734736944130989722571963308357437173866744274549433165841386827785676743758987077446507610391070802147566063248058151419812886729881153001344755880283082774486688183863019055571225435954153634045503248699811562162280762267296491295620867787565974187077137016945251049617184416280163210939513546326746954372079074538808975381274399456166417270932605714450e-02
-1.3510628482523960611643316687170206592749454951588871517677199408026466276215186732025723090627770256387842694379072207669169365782605988519962179927090981683587519631602904309683813763486633114837759770530677713650395410917204974696063318770511516802844334694990770924177052530579059396021412590329350059350110942381959355473367747548971844180845909943871261125547909634370275751673820653963322409149863868572303695225326870776095553139067026475174977032715390372528550193989688515487426785831227758778252256441333772527654968820949501860598307542839e-02
-1.3510611501610892429352670731914940164457112317704082713027743556738327433972836989982928089099924174816787800186909508758107587464269699623047228231861759907980662017582608662753349327404466175800044012674195924001847684944812161491962990665385798194038339754830482324932770698308995940741013109638449225496902036037863859800744516219448332183020384425309349156527407914158455298528201267778912938717426248689908680639563786955288056123023412342929053578640883686348799418913016927469127622874608152547711398040035489418197904261166146794713004246121e-02
-1.3510609803519545608671143021109043631338666902606765776378895020088332318801059869113077954912675908385180587451582398308949944298677996619280004359856473560851984819629137953383280094904493394268863181369119799194953139437687181615962770179386410955777012316045729853334674089067295705952811887226708633633471413784915909712635441215722244289191558398166884868679176917916025845514818176501726459056035021615838764242100944073278116051142125404812595590897789006300119018702549127727744634001053384640009620755661706869434597275890923283930615242966e-02
-1.3510609633710410526578798086451800019479276340049748806280897169609644898193151041096056434914304738367395341875222587671547702332608253208855620062494224618832878830288896697990368367053631614540085030625572807398557581747435230864047522374761214425340354247243807083528140761497924108810232582056205856354730836670227847474684146171052411447524596140193097804070988770235540708684105159849768860607155149778217323237179546039642644383146721770793298887550728989702467715097252183258565327406046580430868717629127798464335338245084458024240385619121e-02
-1.3510609616729497014369322003817864674259831399815069124689853602237288506761585477400592365402260933668819016046378722592293360115944360447119521868654408237446853558097024850652194241094318264861261726846734768380659792271116073566011655429476667665151332249800921291685702774803464371370197682073857864244605944742649437809173469319005519517893032035568415649685665313225786158666225175248531170588744477050808327435741760632554889721331838245790756630206651653848603974211336600695415081225393218912055860010473233196758020176063006110784340173246e-02
-1.3510609615031405663108371979995256583393685032813387670285311707300658514736388199601327079520712497139298463791716157950077416157110437216791737496108129279054001335696668054113986243628907835518414961442679666422153434886916613943239185640278970887279701878913822003987695392117090671649821238642413047917179461965381114321624073628575163033746959808551751911918349942775988866936054024076807546682490772221836168500483226727204700479417840951623587490948896121048170053870242373560229660784899287495264043184581496212512675282094459942054371399380e-02
-1.3510609614861596527981876953457736096296918568691476124054759804199209192333300890661355659444834636952667092717570498856069019692666103071250434294206204293437236283771905303045927132870806399641967869504207685163624850002811177465203072475234044724906377604088372639004578139854002325375975701365890176685400154349370311487002130088220823726414842439161446514327810508415070350898194209525591852171032678778665788547698423361576551516197021414326215719167454173006230442706097040143801377098804222716849298745774669348761826941931103122926377655343e-02
-1.3510609614844615614469223450562431783274693673602187797359886849794935924504830141826238041387003869558912131716635753507558689565548401679741448679770216222091353801955963366865430475046308919273733471249772467830959546264514097307998008331231441649613920177920984330142815403603302983297296349505956801763572506732620570910702688119733950620655703097327921529556068164038714734477033218301957408837566029116313466302344978109958399725827267991535852182349353173170973006089788329186009361433993611215750735243494886711833666690132820218858339168780e-02
-1.3510609614842917523117958060270485829661813254874025694453992523342046717115299581658334023095776445230312523085134831145468941047478693846667225100224550046316291746289442824876944917884488010031760250692669564468463071971041828388385565024324982644792406792339739333744215515435531396543106805295121594837478912496998130976683780710151684349178950496654177151226118618450011975599075729361054623216530736789099295992357386398533453471306110948658481111369386021115401420188172932058958394696600339459623870657051824962147341182860186949755419827711e-02
-1.3510609614842747713982831520841267079077751101262284483220645569588226498704628750808328676518035426353386261096876551110890605265477246518367887003112856701734983743890739561060968644351633839206893538443065991862524204849128698194724450644812962348309470846095506147830991919675900569891022655632677692151592110788712711342380233011943515892401081439840046293794624287975938504877998665082600058285681714022101674202555196072469032292055158657286858763394701093315219852211678349117353316171640667894022202554174112731410731182190431535318235630426e-02
-1.3510609614842730733069318866894344962467117477251274379399048717774771739925131853719079587176089000770461928987405536494596286079371642039183026070972203979728482889405633931939541416914706850122861381840947871117220152787780736397767586231339385324688993750196400410359613422634063279781274925766034797851694400743864359836467927895263145844583031708436246698000101921967511084669881168240551640084413450069464325300144382949407329328379990272629106219822625327571752435063398044613098560020915935336635044969634545895653456132308785939868681173610e-02
-1.3510609614842729034977967601499612748390531841096142562457215517029040930406970198333863582252254689264763461430082775504853855058944125886542381973874874645605638782659192388577430301333790708736135633310294601297448968151843921905036457293432669819107868507364522697710079614093560526779805228927014670997509272255953924157105332925907165785172254940169089118876553033722460498875007495438237000956181333616353168012428778970339582859223689247595416628676412245640947245503003020185789885085038903965414127519732878111328698526626015599490723526900e-02
-1.3510609614842728865168832474960139126958718054743421540250702770698882113750596947498850808301044776891254129038824765583791931017555274471041026564474802560482239760691267714102130323268047699888973356475909645444928455210981339966815460657729993874671978236478206194064790035410418599568483726576279438336767473343083678885834699184071190597948852450115967623794798960919034941613444723426064310589167287137007288322062706038984702533638703874249404878040744889875494559129856183176277172548861756365784661412828851356860006786601230497284197932743e-02
-1.3510609614842728848187918962306191760815295123880777692092481469112189838657769708188433904687301543113987878336074088626637881051633256173021062765758821628250463801396239295888399839428246252883159240818179768708719341886593720603861830649521941653149659266902809333376770380900480303198582028615757170786272475173679208856149995548174789577592499694792929193291940158961011805312253029336433274663684605391415260883974634832401046574731313455315663853159819006253107199360034480751245723470947723836200737207921232545483707446281816570713070898011e-02
-1.3510609614842728846489827611040797024160950415272239590149751191951292724618726163152908331112964608366372874796956751976320049871601058719844355676620800749986482498824532263062993814365536387365343570696017112683302096878810850042366752801516713701374048840465133771201704554183969734300221866245383575334117479390461426815444582143252555560411901130959171784744540961848580979284626984604986919246118600770160782657543111461180421940553750450331608598569071488255811209098430196593159199776199422989679851859010774305199350950721415631977322873994e-02
-1.3510609614842728846320018475914257550495115920256163042784541550318448043226722769638586836119375506451456705298804781857256832301044532411018874532830302927107431411131301575008378969682963969497301957117777774770019273883401775332534911954461298566770409658111649602801600805913042758796335276475842210251275532967529928893120016161516662930487846855560364860022985735838798484426046655858590391892564432361510951162266318736442338700197185782227940742043857889210224322217373208390503199433035313953457674982669243346833554447080364576708915470550e-02
6.1559857555547965769989646491458938611245955869162386741172405443988885371914555162988597324365729629388327815855364356736347348950058729573425624369591739454670695213044557779602353336619377239617240678698789149166256625771476947503167271175608868032989875850681290018658510963190070179861088642979482169440519692361882793101103032447361726011217256064164758701164817175471511577405114857656199288873856279814572274828803480692020938523533320047712817975040876498889677625094638438757509742359847568169510962499507971609050061312034876739062396613676e+02
-5.1071329777291375470051486725488519796325469619792192289701313545198878268036987910078652736736870603811766958945669639601170129839031894598913877319393763105716955142966346638072492260373288406120887562180383092813155635231847347963670718794279257271361017252709885730581909777608646942739612379287758196054057531676436166059424177854776437871608281812853993135827618430647151906574458511011381043003538531809833125327890985732208589133368619676581395807056455122398184318998765169134846088913171433452701442071464851990736926660296898987154262614334e-02
