-1.4105098404309966426379187778519857203666373663650292641635722259827583107289711384443908943401766692245878449570819312886183962173175210388556303190730559201889109263068981747315569366486450664209106599314718515035375135541701197678272961023285459322855201362291348854251586030948313951374421824983963301365723898057404188924021802928110525731388747488166266734049436625133159689699625969099686510554434307014054820803311326988901681882671798674713398395961559446839824300408560701451744147786580531869622528585481362607199179983297961493834525018335e-111
-1.7697228363988279433058899904638125867697499169661492984020131896795176192186011315150446555170690744891147647374121663370864479084986311643492226838385051338576125510240588485944606315034826489442610987893597883411249772921778215744804876478696776901614528570644391750831824446045239502901219335339413547222168070290820383600484721203942962803992016640806149043446907956866886435962330432142045511162980665274456758388532285046737770798949703248686310690314819325457189405440775618375935571063462211189991136377428013209866268106095331031086329712655e-55
1.1774585600450371932102624290075000742353655344097106187190595079221122690138786550224356248448657704183020913682794646984009398928635030646540676204318672702278119483507492988652040171314403310808564547671611464867421876264160043565188322231041788624993204529584547909606986870462822142267972848392664478255390590902488166305760328645354387656420317183284852294233612180468866106729214176660603981091081689265962856367044075430756587906284760435151799193113184670833642906515545273633357395137972004899193206297262684795276469901844025011597959441362e-29
1.4497385539084518386966061312640214882946050182500698922089940188156203688443993436002585635100973629773653429804572185199602515577519513778905375927096642188759971870791139364730458434549385150722402697429909285105380201957350783766198355133776717942687782314027504827636476883874284354159944946223425005288406225778543319669692853030639933450736981766891666181474801755940650202527846641800750884911454104946319970058461489813705249057784721797377275225514723836235244366415778990622033001155495673034665877851006400730982549529905910548287218063427e-16
1.5426625422351846878711204260031250328526257469239738099177378906162727204434873362497888751838436746077956916337160824091652645826186442303113172989258864342383648712977095887294588998385094973163944497820309303796250859497698378231614084931223630448874237414088543932844677459889368286241934937719853294205238761547570551284376799503659866450342805009309240585303554591170287191684986360244987429407463232456112884644917667322227260072170761129561561537605801309943994867303738877995960140508126552944494483183555711490024489764417432168406806773736e-06
1.3610668034681585899459651156824377723407973947334218106505270346657096000287014107466855631032247146727368640281744663651522784236603206693159002659558792063952331791844962637817704969401132328262675383474295863306500014143191605610137500553422428762250310872185205423234730883691122622971976960561528410359224408635046719162351893246963220303584389822517122553503807319686747792927259914043015936242723363570916412663985045286451603493271054112570413748357258614344706634913592567625369030907195566596488234670050549956758629778364391151285281585940e-02
1.0846111011220720088194585467584661616503371713053170598118347983644069008534645939241281426055150598273221206836138158706058687751707146612875953633180241705558354596425694920698899003495518867597165594687232571441219481870626027057661603203455358674832213975172530436211939186517057086385328818751774441829836846617495818582335332016478556883167908216458310991324871680187602412963694095273288624775489115239850123514455000654632276426209650061290650988873314818584169204912635483630225940643469926668469079218137782389332444439449265804079876401131e+00
1.9989761244481821558710434418838971144542713753803267448776245485050412321914484309994332716935899471052290682212661420595465614020393722317724196237964204348742101740496675832589805197640180987101231122190630577910496427228465726533524217430553360101340081531936916870296153232070454750391643216286345993886400120392460000299893847928549569946820755496761468313768697575885508243306826502467792854477526842684943333942048914250612382216833927100381026350001551526109123921725145117921246740822044372512893541476627757321410642500501472758180742172484e+01
2.4036503178286587811812080916190940421698264733470401992034746972232287219983891466586474744957485452868680755463504221385945818579157928661798455996405922341419239306656402316011667742087041364348521694625405500781779987324699375819693294513983041910062002614686145528301832407677253651514288159218524032940082729511406736656871934238988678363769503799422710069532967111459925581469511203632238175528681237024435661118099889709116437890137379164709728254985261284684071397175020115581380782533036596926548915193269414421941570945550937809846643570272e+02
2.5450122714240337524976742139202392003126818691580048160450231701054203815137417283882204345474425203656507323962803511761224352990454996236609804454503465957390903015607207063795847280618470936953834219072692081047949746041442476241816100460330862945595164407568676207683058132286303323860690281289210500758511111376219696132883977703444341165188903278253426927024246698742117957698390708593901006711601457961282387249243139314843890992743393843734493493587292037903791724552633809790005403081151738592480497879923857337251673379329018511727021692661e+03
2.5910983481265331315910426745904465049457402604236782370933306564790130043164419702979683015373933523536502764424304775467949528185175867184656985009047067943877893595763700412246093502549229810135826249527639944127853919047460717726176471255815119297766483275474064763189954897165664610117216782626223722390261567245640307959499368758733789906886957207635509220949233199294259615900067424817435254635254625427031295786523882903569837440943956245321694842080438165614759204862922699739450543057585074221955766820342710197444314455274730058336676701648e+04
2.6058115355382398114665438277235821005391106205867898835207940763186003387889806008747066912339415623005170958174972641984323692736909188193531593210196867498706784139714235992904806188598231742671687773118288423811223230111104218734571003931118392404896273190004937230297970537427006212785416816657805866974492779564044733230739948303484417259495985395623653534997052076672792578351281038453589457492384766292381913861262920310802286695449327460733701714438640767304899786636337013280260860363658811548827565353443239036196251289755432420473150259513e+05
2.6104782359178108267667673843244366219542485630148702895030922091845149613188078367656433183532826522624907050458140772393450077997034225983105239259725757886602939181527587688285669190523869168017145483287227183236452735613455302749370514243618391174441181715421557275671257676233404026466202228668934550805807339797861635340483456713206608137849101049580939137803722034985355020685400748177056989118523041190114472842535797222307715180601268370032749890207749576028402170712578600089903938199266287778520426793842675075452104928132674708564190598113e+06
2.6119553753624250083915503932550725423751925288077355336459793073194145265649318875659150751829826490941666435521822412714112256185874051901208935155300937853538783476080508970340966243184466117586540784007603698843308914676686934913213844478229140601167993811083350466526908355585842908765643156081110808704033368006418909762081207923397464655992709973262366623430611392776810346200231313388582741294645481416050721529273108908635364463216577774084278225320096563341291681656892042330289403059385096010474229103062069934847784592755665739714814434119e+07
2.6124226278215745121953592795013485526060960160138293093844620919615995199390479122067489724297393263012460377207996311974162060127549989954303949846861414206327871942550783565224169261984760342360957024857467854392352130421134482994142888405524283129187025309829051316686419752996176006105300509707913171329488418858294773767701579100212807006734279263552449211945704726613584388035237432160381110464252647398600449789810144421655186990154553065458470137212832176116519767869478952737905577358790591304954718757503715768661653530281736440412229785458e+08
2.6125704000191413103959176042647285840097003295839277487112754465649575419828905709635435183656691883553826990700339234708302653615651998569787245334723118660588622020141652832508288012364978470602606719672457048571864369252221633353699854707373366041927616678003584137634063776802533536395860371978400868198279628005501976186589022510517841888151095816607383035227093360121276980073693264988426627374675230451601192958342852127641949948624344496587818894871403226342083561465460004426677755193040676546167111364808801172482950944719526640036134221676e+09
2.6126171310907131186108999290423602493963731398878914142754335893715558616405244300268209377495806398757947878078852160502983586951256198901743241857446907484900381858362669473991610274160865144286511845077285832180990126659753234278451906866261389505381208979892632869476232396473965920173181830735588484325928931149065908201192176898135888826036073941941923649624027911616791152072643922103967383303305920382252664464632879598555608444423596658801386220851143355460834897449739456230317291386958604914273787464988947182853234127152462881281156513375e+10
2.6126319088930464248661467336582810779754873996247891103293151085869783498675861656831279516009144571380039114261242999511619914268249976111422912413781541489422340548095998953367860048985787849854304361205248954276044560900628487047877263672901015042463882808632503783231056005769706813437015363648569641138159865328147737991277944703025776082740738061734623415722362036122203379384040532611221224008218160727233724946142540781229363577459579214621092380160991340556497705330295574196771901324223366919336887557358957248269204677017447363276689806518e+11
2.6126365820584616141954611000879074488396218977636901289607363596333986071512317768597937850785581811896943006698689400452930159985551814412989655150817758204825670346430714319315197653724033835726281026640923640387059194775147775202815308751772783387011640931730878111025416261466143538314774547524603678231623554061519038958411013466096445868535925427603671250410291614967236491924661274060632355732976249589320745545695229075489769432509823456723546644145305590477721778205561031318192421023162615791744874560185077301271229275079047456766091075664e+12
2.6126380598445207566078617204551656699616233862954893621925262000272821594939253173673946313685883432372074503752833510093865987611980411106088662716241262981374384740582809939444607814276249721016040783837231134622458434814740694714691300922703844108586520158845048025237720970238481938238710714211811505411094183847977818675718245569364854854989025638590858062387114754969928176267336809482395294875000780167515392955708845347448718056152351705066346497118431619267356602251320667587416698705887905021576710333083083863280832916419841424879212470970e+13
2.6126385271616448570652994675446935195101734172924728300645167804807060920456128612256307723989753709313408617581531964405913568851474654452482494959507638053873244339356840266543401602584414826042951745228996177905697518824408923988868469407394570568829891162148369850895574466428975484625387521125007744826454078209803529097952603827524089994148302266097361753996053604655892176859436079387754516218783876277044067471481363661973956011219124708699538268477555685263232153479705386311954394069275780691714284478529916577845722683159964493375035429894e+14
2.6126386749403090294699257991261034547726160138962069668001192761510926285704225527291709709905553302212040277344634223815086724203123223013828501709127590594088196236597139961808533051143529506556161651675845064886471706755714714318938741576009734352048575798920098574005260880981404753556377268747638899830936969968244381127949244669120282923655364995653549095775016635916367144156382691257669321887170631498606674782686355322457245266038114146405905140427293134024323089017849974897299005383550073192089056956960967775134404661310366312375442868776e+15
2.6126387216720272653323540149476504371878639335521789374803732855776279893703506221679558136230515910073737205136983650333169384323623301765122527684061072126625242381453494218498987854160913118097201929169197983960552120769197568037875354049923775341624597932645016894187920269458722241143643367681771231272008137901821724544297121666880583352858832061310309341282117051634961216514749509541298710324970136193337980082734581928557508865999017632028564283584707009078047284983163519975198147339978834574612208910713134401765444406589988524264967139067e+16
2.6126387364498942651544960278099673691645843402299052177723149942337028506328727019244996453875369697635777492252907224910839936881753837683685109409810646024318628729996595405584292322798650312005643736961492433137894480506309776072302051068111890234054743114014270042024267360247152236927658947053211393421386993306939344766494646595416433045907290013102636022952595539460375304939950604702019764353546976391456669067285727513640680930843803454888858804696094567514304028727270696421247723743013310030029206029224169912318551807842707830468879905411e+17
2.6126387411230661469989071331762419512945837163989519824860167752147529967419038895257168043066170437144164779198289004362038451660755183025411469297285284123498311539494560743931824284272888877045919865413317953149838863821618696751990009071933484994700537242404631393679805858236471940261733158372225927316866459658153202450392518005753974720829889806822684762025310654175616595243950394943265902495911776366246900413050960422420458562344422891828784238077004569013427032353480080759656810720650063032924337625287320984765073726826622907697701794793e+18
2.6126387426008528528069381737764739910403128310195083327777640400620255001196021114683606267207959924858195877320526828400283739744463602086124085038120341383709413686242158606208815223266016746478371012523596487315210381032675731792229800724984965619286124914879674907939168690545848551372241937999160014167555907754365257471997092211596822676166825942523876005322838158896908546088441065144584382330124926843358798233834466566116339606225853020994367695430531513183145898291524318293254682554922290702504095225699316724016670275795447420388009034932e+19
2.6126387430681700415739609685903151406145604163427032994805786236284209660862387696007292734312276676554481271425238947444907162101714960483573519291252731613064431852792055368612965187076730072370140338063402523840240478438452203496839539950723403822915260703243051942268979282426058782165504662264044009428072108597750586397134147631953444135258549027755520676276430106988556619697537947668018996661280782906926052349723587421481922827192395462306674482747806593077991844154347987038055615453851414070228514650496795865571876592434062402881948834492e+20
2.6126387432159487122130222410889953016275812666479542058991258555785005620498484845774020248061795288159405143389703311317935443405825915274609058689232590488739355339657424613359248726867024392210011468747946659314050776337708843163055687690172145573406527882539391972017537250016782100635795974437352428813957855200295885545428268076047068750611426910736680663799947310129108284259579845683123836870529645335711033433159347961885996210052613054391842332136727670739636537137000874282200215549069052952127664979664599657857994254104421981998349810186e+21
5.6621750989646326329137361572985297455128181925364352160553285272747555407825714642479361445289133344168743637871732859860919028764020907523785467926936455409257440823467022574405335759742558853218046551140065563862084001982601623169450506878297518152354735220780945539446531184964123004828127259316789244669464309374503443024519808271676023622917428757284480918116722310498530623630572408097036492373202585397387730353365612579093553979679469427922332586983521143330964808676641621429784111436270138467936645792270992355732335594912889262953317601349e-05
2.5203733342712939106128937727498943907886386617583306126493207296668884852736694238514359410409895548982888494496317080463763411669821292164811938436173940620777224143179162889830273705659750886845917814197608305191582813904981391685345846218004349423852500455102641039951488000687520291793509082263901897754092827884829806437589321856596187541629040491105168296340674845952177243906278183219878844365432515009365171015890229489087998910135721725694399561217450091125821976735848036257617261706199214648117622993943702769258353935325235294385456604605e-01
