-1.4633132198185779756610411536955201611658475705649594534343278298384918117832425587693283036562429072749261065963390059506669506955416853164244434968196306396607952089203111982865507076162360000110094117137397607099546549961479436894667428298369410989074984045337179154065448955521315136165900172481602538247135285645982465985986483882677364282085961511877503929018490498823574325846154746058517677579674290612188252988207404899750877486361758458638756587098290707201336560073276440732774505519135794087001533150174978791708945810105876927560704228816e+122
-6.1182897823883075999193200016742046544078368991268369852996910533878819304025067486247992628174942814397078082823259272934598214871200493920795258501001621493167171671507439194078368254303649945056153299136180936975896193487856093416405532185639548629428252770417376469076578185380394897992186564818663053807758959397410294494717829908992643158750003450878447267441104537682579786235762939998227379718310790526915652729006759750529744397279743551452147258266848750525010609160400172236011981089183053783622943862765663385655948628786001704486428767499e+60
-5.1776224327343302591987483273234158223549092503780882039977978675760122588942981916364502979317002986004232800189204124209836701256777284043264256521180584416799718732087413085759848815501370423172102085044800673456409689260432877941054321014539569094734276412720504728157919126284034379486982708108535128630526863142438646440107354866832362760785849705661259787982433368990775160594105855221614743796847064730267610353161930346028592909501154039199919422210136532570758640186995572723687371256788656241613105744315984493786214458672540506806210020703e+27
-1.3436185089531808583306774598731586808386385201797580456653781315925538259302401774752790880606507882993644536435321482402495815482270053746289332203757598229723547992557557802977140512853815296608100846155575526464691423553721709560067787128948706474763853148012069503930836092964345438156108468556927500732068265822331931094707331202856735466572085380793576621447189794965804307301701186001141459408296862802434547979626328336518689354866614723963192432133975968890309211968174721795430420081417864608552023515466543543835335030591291247316261288461e+11
-2.4568188867008428093786599537389293470985543834671005849223239229138486650963419666261150332532382502473432218232715561535452904372752561776687288917073155993939731057306359518967322230286392571733703439484902398099669679449713723791118839332685249691921564583932181603872885822389931990614455167706897878314104062618468422795378341954918159184780616981411941205222130774111053966961862813014133558773345314649909291416306199983404285700691745888401525514146250593344352387043512813183815534671492944625921359584654696374522249049395236312656638010648e+03
-3.8587493985763835274680630514994284088727640822073406609239724242908752034289174223852689509955028761548260597725142075650613492358645020072751513245914721292227611317450100204475252368974518563192452615123770208121178524006482723462475332251643681944244666719630400660458342306989836860015174439211506627647829089296017612493094806618097213688464888226690208381246015799003348446908255164895388659418850560970861167356594310524546705108748353537640902609398830656074603116315506772381032886105501186371267029730054758211556920502564408890654279565385e-01
2.8789435082679473280012131341308416877862917956678528175131362977411853132555201250856335260436795431814517771066671205780141394967700089286822413823391155138559475442919176233784037932779958014654685898677613255738589870654087606866818373133095458368740885932354046346315055971636698187945853188311616805803388775152905654389235023192255905705835924112103701587989527797964450992582179237406267669099609745796031011324327873584841613946411022389378018943840545804206916464073744762755747530968457310725465920916256487264975097482602436405915290573060e-01
2.8523923657278374479053540266385007078883240384015003944851175604626265179644688352071196692650371415697592648464606884531946601464591787646347025966332638127325264680530806579169929289874167086326252946423424760119651020073358108061276887787280085687072695296644782382521580776077485947881327145411856712963223872943881788786319648152435010912569752466458355972077682823795211441526399578266876386342242513738907831833175757491257700487776165292533169283704113268898253070168219381598911047999832335799847338548437309137162084118743462345852814398672e-01
2.8457081408362110014179287656764399986640492769430196214739588832507808760552750635432404844359027508841506322045743059967450407924431488849339065467061555828352570646018193272252111660488882271443377691100994516689285596520557199860560225139605212074527396960037793985531930177095090232202455447325708817616822624451409357155075971381112100402168382394881478022129952875337148244831516743595446132431635778457234002462832828790765213390616006118812925066198124187653265759608655758853857843252993374088038342640386723906313032261301693287038562117997e-01
2.8450017897243088054949398513888787574834450595971550439423349844772274565584416822693011011281865227550758872846112059820240289422554461435949523717399170435279208074305001117745483449082005516576331653407909513041844012586033296033868308278483700271730620338847849438936112292579009019793748518232658040483500594285094652157793869525557407026634560542736941598879060908161673294540645133641644994149983785660099501104994226862622147088223553759901093583115640243659960947341546709417657117371384944679107655880861684058987744270708291249231253003167e-01
2.8449307776351751551936817948948687693760948965405672673292977421087925661221853490419884534601612530339329840445474770015523297160634924128585322623927824775447082248587001248015072377257335151735169935082534741680678864534416148326262803483131005108802727648881233932927442843433112404342231544784282336405688888491001188826493514384852827374734358743254989517039017292973648943080496804782800522315244598863013741225590584048336675289609152219751392632394322953424153014531435500614664784441678979797337434489552331170920272331144848293079652652924e-01
2.8449236726587852846686019594289067522575444433681202557978072810945063029590242446929509680736884693043747105560786402453416745780145656289596394222649748857110316984116713750267226211984299504751804857201491005422711478620030908551757206802407166967230080887407054683857822400623174713242231598842562688562276097163836232901186652366707626806343220547445099408957667244222365144505188201014764814218512881838088542279999398213513680084828890895109687049547950650147028877604390847514602952421964882959623081347394679831311342219887046268511174123227e-01
2.8449229621234738349550848643805548439639600068534731203293615195454591533354470001745199620602423013185069035160492129289174723717772546482446084187254554010343661263952973655435013984484268399889095927373318438506550264343884315413662103634707364784362266676199588758109152410665259496441091011159391801033433055313908780414330916201934524539017976576983306192836365485149055081166240604591219099681400412414514201787343648725449904418447767679043903789217013644637941362071509691894207663339144837940214412133972794639603240763401629715433162247830e-01
2.8449228910695659676594635234498582005239294379378511116684471284400615051102610862273237418212648665467607786121973624626452370294911844363946105821855664846073300580566086643382762859117120859723167484027363064670137477809651267899048745439238681544603439967277570937305009708373578051598589084056932004791621075724774100783105080150566887241445403220825545830645702188824501791084114592802522605009074111329969466760525047718805286806395492636761863043140517651666224009237254813898876380222397401063768587210406428185239827537209439598223572160726e-01
2.8449228839641714137089610281542094195278361176154365878903577845715996233555122983681194029802761606253988095340695518180927593512824077060553874241426328746763563730490663216375355952559093316302551201598706027912888282797908349501384893640651144989932636123267418650383150964172369510121431456546301397240655347006925984917921093505928889316210907003416994019502720642400326327211190514839821140181629483859156834629112375469006312365692115807625325945014221089758622127719090032900547928997526995338065290959661387649373450741752594944557516076150e-01
2.8449228832536319206417036773471956294368102945426189558798748654298813388034891195491257393794465208863353894084703104418055249173160691236480378912497330451853684328495331043879092284750614747731312566455031338649342730844165222715397272465886403352353570466216942237320761148479922458878346669110208048744163875362374629525466060056595748505371784666939416089725322004780072905139716543406121271874481542382297461173925926018955894573500591041773143816664526869300412099680481232623057048794143319864664184747573637345155134695346609005670528375510e-01
2.8449228831825779709582558735560542847069428053058667644565919531955365037816627751774607856670084708203831773916686661974224893324254980535881180596177303957253308539963366707917355241930257988342135678245817953700104487297437486753228227021450694514728501371319754137466457382109177768516647957724583955563388570696774622008436887841549847666907463496748166429241357330842139513210076640143158901260248706286109744720803566363048147511406408075450011112629997727764048713120717731920596145621148868860866088151653336181534813130321883716605210197826e-01
2.8449228831754725759861438724921380850947995540505400042438059967318331330312730155637648658951141580998746088654303120494333084981549935275255380446863520265676282730667551715025527624327865932338908348316424436735473005158744420245838517344456131636079925354170873301116126479291054392591111067982283699641216283001334729285614191288944572054140820545463134831127080323857291533812058945261277142924330061986373513579129370958882738783974427933779843980608065614271582703797769018808588601009541777612380787337593920915328472173897276883762316797962e-01
2.8449228831747620364888950001789007468167111802481770652507550268142954073275935784534287126033636920103444779452799350526876466759954489125171897128780003831112866189874718216834119924543318303564437188674905023148779450569173966524274154655935063331141534702702633796863137744722365779386760874680336810988288778356147760551154280941639586666568632210041504833819063247506209794534708363278509797828744183994997788066389928103173711199798431216502569785740908388599323386572014156652860735216217504628131971352726287771681859492791673744379010056957e-01
2.8449228831746909825391697362255085581080681198440389298415292396476056033041181102938848288671587222827641246436968926420019106808695980752782284147347085291303589902978653381800730157504531237748336401841355807685344859302355209349022711986884268325750496855364026272783931560962816963141058325282815054031895136270501590875529098435634239450350809359945509200290930305761464084513426644293431157581870447766624862969365126961951619930675390614170544792677375131063129773352439265016579005982668312379815573895193728376051533188591709650908478843473e-01
2.8449228831746838771441972060629486546906978060908436163441140511781847893521509405592240030143028732676519472919261679236416602778160442743895495690635300638213103894026620288338653012529685034839462646041902892554121482431262594126877575394796784927438723064705719463263378785744197181208628322287220693168133451584227433855416773761647484996524125674483170902310700315907536918720429965571744901463956071334098909210100886406174025866117188577675599958026290195917983402252341145896161624558268241755180693985074768266637832868868978644271098507121e-01
2.8449228831746831666046999530090204575034980169729137269784659615115187830554474422520588128916144208439996844296754996244244518444060543339391643242453426684813103454171149213072958695122650865614176934223312211509083909677224681526628494164595455365560773742208288431118333991151600366018463828434562966437410193270990065698985880605766407317609402378424623099815611683920166850542040670164990032736195152693083032439525032127115609720840647980653056239330041275047043688903035828498305037177330185608286384597610494633637561354747176969472044099599e-01
2.8449228831746830955507502277032509157163234127860291519186722651668008186603160575912392311730118505990119252450688678920970219527035423205152267753680828336791842876131248625456354106640623485831220287738586112847307677779174922425588896500176350503771371289750267650584638662819627870506351571570671327307231023017490703838122621443088905341992656163311797745322214148865641398232805262146448321238867253239027813905897350067446045891996879015314323521098748133566070196288750959929109826670684072633042687977973502287711389822107778990690544958184e-01
2.8449228831746830884453552551726701943169214061168921130689175314888761412658851801074074855257064789982610865236851275593041791525742190194598451420330047265991537332769387849926408548699912773443097437147617733816510926575001696926706946828770550124625609794796255701621275051637982421232573643252105810322742348489461491692359813521585356527132327148831816294399409537571131013864565070277076049700620752286340330390113774384518011855742222754978179563084491509955222678332400564003995610932852734609005580763855680581266533015618763218861509309188e-01
2.8449228831746830877348157579196120845047743599874762257050217614049446720982563778149600532420446638789732751037335604788758361984613719790806482891791613517388877723502228079282843473840099594578404324579207033985419468032792749059195880234751853772590308430882606153743112958562424584598841882817834873232722438476480431232599399511713992401863885047535334205703737505543693455546733788098711172963232676416665872361588150739613709590448350462317461642996145766730040948833145407865186961505206935475136383886351192440599596809458365288198447679971e-01
2.8449228831746830876637618081943062731468375869199096174361774988863143772145678719757246894748573774038737264895418230763429463303127240949362578186962365029639194163891037439090787158332620894181687735217454259871886111913352085960889383656975742964853921683905995856247171780108815898567340017588381788544795873669338743822801153161550933747012952491699973124960455347187942349597494894915530558323756497549225413960687793558194622770911496916597299263157162886650259834507671270066224698322112221520727571765740658695389658721200952940226837279860e-01
2.8449228831746830876566564132217756920072766889286067064162708602968059004832291188540439573699739203641876816163950865315175848079621455024505673941279260113686971722734373438918167781032103703278140193128702952352667346147653763157430721322987652335336303433179378689775210122442945958360152005914279373145143065957491882735754700543070313464927939638042159908859677808770375755531771329529929325665349180668466781190131210395309480887309346905665105929586136563612452537601634446716685614052365933695976668908766527585544197647443547987974915777493e-01
2.8449228831746830876559458737245226338932829269226309528123522766489960552619017090699653356387273124233318475149801106311682125684812062403741160305461622073629471200001228249462152221523915704975773386708937894548065056091040428854913889321040148840622288283295269722290602083624944268515373524395950075055261178518670242020914416991512019547797086651042429703461041144413746083030706744883934498859059003060321599550149430763252019485520789939017981849855861544201993401837628676851155420019794970272980146454924320911720323122745438956009356974008e-01
-1.1248920338378102803388637538558617538385075160228558305572180315586507759370310788206370313564359125741295869035547022275247041938659318948356334941425590136883138327448099347924443866388427340217343976976338117331559962247297236194959912177366584174528177103030006836017976970906389271585320943209476296334755752729835695950893103068895464464261090747942793559304081413070889032832973435813334282622890651948511410854943296839114557847053446030737670627032849934917901445352939782375405639076707049122815646729463588253343540131422642514971220836613e+02
2.7352055841169130046520789016047801651697862545231844661962240474741932009485300396934751163547504800794077024268015766367858114480801090446204110944258911835072166128438234575501296094128996065282233068809581522989300809973395132512326401067189747032419204927632800018088000730783930546200685401804297451799457204962666527845470169953374716397076424171933893077783907314115210264649740920671497347166063462593083329273516693848877033852800018483637841790568529466691965429337708498993964633111486165092398808124008608206124604664362944861769630754900e-01
