1.9444321431091094916108933392716008196681009001290422352526661680138043862608559249905980989625043579e-12
1.9443214532378200513272888449180477418479917020133894008886520163215412233065997065276439519777911036e-10
1.9432063942708537863621419955182595095323636499455944454267556393301229565486163939504533984214128555e-08
1.9244252241667125512314113780868853008657565489858213853790271545004038584732795263426321287199945251e-06
1.6299911485029742124416972853060334232758637144067575519675178380373115975610364004855920679601907357e-04
8.1403286260477830706384089441233329391250352194722007186802865184823839180710588656974495582074464398e-03
2.2907796724841114798316377674091938769067453901110042728973499901226608151991797411354442407265515037e-01
4.4214362986426272838836644226086574853693825764685423379444448015698324924513675447147812338811972602e+00
6.8805585885599194481166182253038743094187455558834360669026260472899104006086382037746095817333033483e+01
9.4685626466192292567243045136388501166378882419635383291345796235431964665072199230641791857085051108e+02
1.2101368193156722423727710870754929333988213178166108817193670274119101958394464279146890932775538088e+04
1.4748911124998801956419081705925195195773531744707957913672680068851764338095391840439596403561601840e+05
1.7401188347989599321096759815853028246272729769311553536179681944180884427908011739368073822621041766e+06
2.0054971783486882735819113704118605926111120452749786736228700192184787529953695216399434936162698366e+07
2.2709232606057226302411871131771940612175257505564091102019738588506753518322775113821446431514540851e+08
2.5363644516878256206606261506210954310836198955990137685594610978809580830549119428808986254345463217e+09
2.8018104220231742440348474826485099406782602665045188301499160246442169965239566546981014566111513673e+10
3.0672579038505476874703458169450749318543425591282977800430492511391065910736890837100588158426255464e+11
3.3327058636713246097457428184546749166372506470958005035146349309720632536335282891974482493455712282e+12
3.5981539746488246325813553680004294179597054087794002810258596728686236944270152071156061886833055913e+13
3.8636021334264883383311257479144895102719025473305271258004020471012325498364135663107537030728282943e+14
4.1290503073199138149724255181051575214589881988174018155335283881381676128103275058666454094064097618e+15
4.3944984859933653187224157873995289853713010407540626412142026001399827493575251707669696999460533437e+16
4.6599466661783940367166738760751481410708820644470996734210987248546385019817208884650781065184615578e+17
4.9253948468414254682646517184038684218187960560163791680802726455998915220999400720106051880615666722e+18
5.1908430276556146330340753496312627965814965898540135409792720557974411858279828932492712634541483956e+19
5.4562912085176040704098462510534829977214788026578006434508144172562445654918071761704983142075028702e+20
5.7217393893947092812399866002768838019088705276239805823144115226909815285616762148824525352807455882e+21
5.6573051596139608005368887081637813971737337505228058100858892610286561788921495836874453552008080508e-04
6.4249922769159326466325409762680888663620548973081925857418562445874858006356645164951132642828507303e-02
