-1.9979366943295934512872298859931904059047003100635261165254722155159888606762792120826693620238447301e+04
-3.0741689613318894193992876960815679027356577352608923925273917558729391334455121792555998868585967216e+02
1.2599981086683578704976298678750129049984657407686501618360064723665453376289508227688941146019343892e+00
9.4936831094921705013656485095789027226986550727527972117240905587453719556537576311679827871722089372e-02
5.0209028460157513201126245148413359389329266835115984897055828343148279608900372963204338895061361760e-02
2.8961785263364244355531975463440516650501803197531599927679643206850074682308048641723762024104600336e-02
3.5686414383242504384619155055038538627387757145793565841551476255370453361457023576667308623395752478e-02
5.6123747509337539409151591856175096972165450534835431526700460888328072829147175834446821150056307547e-02
8.0627384153271293014050857302245383282612520616380389310131806424437177521437184425264060842018315765e-02
1.0649865946535112419908545185205631450588241619115845633251370590664939323971183606951354993771570558e-01
1.3282583833743125085366192896314986015240107515553661530024489039288494721810064881636902946912122778e-01
1.5930117999585811730971375464090809209388614811865523867497747242332920226023815416516959715491020493e-01
1.8582394345976005357212499981481227637645997265297916641336177377469570475594274282141937127391633950e-01
2.1236177693813221753592560542955035170082535598705360653345216732589309785694244369901385956741871669e-01
2.3890438507617558551906100899633808677615566578634199005236115284081688382277369569849165738520935259e-01
2.6544850417561987778608119688233792400525752690895702051195372336652845883716721802566458788048080046e-01
2.9199310120827813944594451351135260140300606403658942017036699103475594586066966778927674151056765507e-01
3.1853784939092782372173780083375753214238291963799665819132046564980724540109139131725348014613882707e-01
3.4508264537299674994250183972949358485904379265566081710329261397643264092229349619381430197712017001e-01
3.7162745647074587562538552849210165252587462106180593839144132644045333817631501514026332114152288789e-01
3.9817227234851215854029480986364647363166034001265389841552328523334465972285996314724670154080358441e-01
4.2471708973785469743841801122072051143903658035604826237907193827019846348431050708330383932653677758e-01
4.5126190760519984693681636058395831505414674281602278192034233781509595829027800275567500096715725525e-01
4.7780672562370271864858210169490029568204285411942569272689386552952933088109217743378657544750600653e-01
5.0435154369000586179461387915211033025598355538083824657669666512608035669375751131142028600519363740e-01
5.3089636177142477827067964159728356838210209398716089114122455285783882886938966300040190353900040416e-01
5.5744117985762372200816907167174896856108449933991662958420396414831735039426437577934501831681717794e-01
5.8398599794533424309117434058731338698632208359927353736482981599739864321052658513665192335654583345e-01
4.6520523278351960871105588086855248354531722681231709932542035082313249671083292203284960340399226850e-02
3.0263171092986313513077731438708309367389344761713523399186856870722325042177827010818533456379984403e-02
