-9.3285327998155265947290691080019583758477465784969137507227715435072680190082926917121598925360861116e+02
-9.3283669617323420020019451888960858975813694133359357617991659642814426942952885050657709046679175925e+01
-9.3267085809004960747307059978373611149175977617261558725631101720231894471652466386018810259862323970e+00
-9.3101247725820368020183140872501132882798812456283569802025522494406569758648279739629822391693804473e-01
-9.1442866893974440748943949813776350219027160846503680565969730236153322628606413275739943710008609470e-02
-7.4859058575515168036552039226528523581310644748704788205411807653620851328187748636841156893156659430e-03
9.0979024609077559087367066645949742795854516229284135400167418171703861675998897752146711275362840973e-04
1.7493598564550048303265581253707324065675061260091733714559596764249509917178653616420253929605578450e-03
1.8333168174914277542718468712618559044284022223808065732013882258957422292136530000540812209812507885e-03
1.8417125135950700466663757458509682542144918320179698933759310808428213529632317638952868037833200828e-03
1.8425520832054342759058286333098794891931007929816862253933853663375292653381896402794073620635270123e-03
1.8426360401664706988297739220557706126909616890780578585951307948870000565756854279178194178915477052e-03
1.8426444358625743411221684509303597250407477786876950219153053377419471356994350066816606234743497745e-03
1.8426452754321847053514079038178186362757263876486587382473227920274418436118099645580447440326299815e-03
1.8426453593891457417743318491065645273992242485447551098805245374559913144030474603456831560884580021e-03
1.8426453677848418454166242436354391165115740346343647470438447119988462614821712099244469972940408042e-03
1.8426453686244114557808534830883265754228090132433257107601767294531317561900835848823233814145990844e-03
1.8426453687083684168172764070336153213139325111042218071318099311985603056608748223781110198266549124e-03
1.8426453687167641129209186994281441959030448608903114167689732513731031606079539461276897836678604952e-03
1.8426453687176036825312829286675970833619560958689203777326895833905574461026618585026476600519810535e-03
1.8426453687176876394923193515915423721078472193667812738290612165923028746521326497401434476903931094e-03
1.8426453687176960351884229938839369009824363317165673634386983799124774175070797288638930264542343149e-03
1.8426453687176968747580333581131763538698952429515459723996620962444948717925744367762679843306184355e-03
1.8426453687176969587149943945361002991586411340750438332957584678776966172211239075675054801182568476e-03
1.8426453687176969671106904981783926936875157231873936193853681050410167917639788546466292296970206887e-03
1.8426453687176969679502601085426219331404031820986285979943290687573488092182643493545416046548970729e-03
1.8426453687176969680342170695790448570856919279897520958552251651289820109636928988253328421506847113e-03
1.8426453687176969680426127656826871494802208025788644456413147747661453311382357537724119659002634751e-03
-4.4800110762628371890450202096485518074084885084485235151842758307935968464279947491264483698512529732e-02
-4.8949243784960647488114176505922753638972311056771200842213497612948200816980499601279668759125398237e-04
