2.0953379508400716201785840932547254449340792176174840716550805291812335390450788891269038110096225341e+04
4.0482878542164951962148239051677472576819295610022023306767286019634987440216994312113300060578123749e+02
8.4918409109147742658840479475808362751711150243441241474892685749161704846242335596397915855656014749e+00
8.9106842328469089249630531134859400097708993793734376858577148278655662034754034861284471131029538994e-01
6.0633096979342037107256553570535047917886957042633761737751545746673109356352430481885937175603691761e-02
7.3060989706017979515777952703199359355863690062057292567703662273876438840089427584981234016364718113e-04
7.4421003132579921595931266732577887146061055301473272820706628948477216672695872904026702661574642432e-06
7.4558237181657988525323658403562773235027217032123122399515002168804348456535376974483185619343465040e-08
7.4571972976040290814915299229624078978453634861232470297315316557141610065216528971054802794591958463e-10
7.4573346679435875071530898255044205750308379105675229071797427499057608125122237986829913485024520207e-12
7.4573484051015069666463420523220923125537193257763292073836914167241087653934452355832485225098016660e-14
7.4573497788185385550280369475462047012012029833104549326499141679629789742874586829621503729859935606e-16
7.4573499161902541102967932524316866201406823536310716693260761851255441295446006412270537337866586174e-18
7.4573499299274257897879810141944959174451973078278677838757096867724422459229238074416068924421192195e-20
7.4573499313011429589767429179466402879035457841108881593902162741285660222846782777661424097820521756e-22
7.4573499314385146759080155396038764802062609114406297411802286099360359933876867698206626255794909424e-24
7.4573499314522518476012667660824265801099528210323736425424567526693639752050353703520109104901109479e-26
7.4573499314536255647705931283734098611701770677534726717557147009822326939510434377828863315396987274e-28
7.4573499314537629364875257769989394719931611638350150855280862292372217961808377949139656971940163203e-30
7.4573499314537766736592190419854567459026354532781154672710459778012930313976728090207135378154759725e-32
7.4573499314537780473763883684853481164218546472838958186644556659397924819731664158375774065171583876e-34
7.4573499314537781847481053011353496499050592843413516777878032483013066871323408832408516428383748083e-36
7.4573499314537781984852769944003499272176925752236723050608298881513423454491284006976341943519678241e-38
7.4573499314537781998589941637268499561885990325836701244648603227679633605292020092434338988032022139e-40
7.4573499314537781999963658806594999590980861096023875639782937647877571151564912234523353718382386242e-42
7.4573499314537782000101030523527649593891587816170864845053736760961696226290417540634180771888625291e-44
7.4573499314537782000114767695220914594182672884616846483238390391611960565118736522063601089496906553e-46
7.4573499314537782000116141412390241094211781515425757474233431491933036725833280891004825090923066473e-48
1.6820225949884965060720760263483907017437195865893228195249953055164254555469059081647580119548227900e-02
4.6370487295164598897487432703323721867451086515012120830555140129709427461394749567994577334271690670e-05
