-5.0590702860120329997248604246330488295801098347089387470880267432210697991797317332546272857151619704e+01
-5.0583229855920488894922514960890062210112663091991215022108422067071178101955333801316090610820523629e+00
-5.0508499813922077871661622106485801353228310541009490534389968415675979203535498489014268147509562893e-01
-4.9761199393937967639052693562443192784384785031192245657205431901723990219337145365996043514399955530e-02
-4.2288195194096865312963408122017107095949529933019796885360066762204100377353614135813797183303881873e-03
3.2441846804314157947929446282243749788403021048704690833093584632994798042481698166008666127656854661e-04
7.7974226678842439055685799032485231863192853086594956801763009858498378224083482118423329923726422003e-04
8.2527464666295267166461434307509380070671836290383983398629952381048736242243660513664796303333378738e-04
8.2982788465040549977538997835011794891419734610762886058316646633303772044059678353188942941294074409e-04
8.3028320844915078258646754187762036373494524442800776324285316058529275624241280137141357605090143979e-04
8.3032874082902531086757529823037060521702003426004565350882183001051825982259440315536599071469750934e-04
8.3033329406701276369568607386564562936522751324324944253541869695304081018061256333376123218107711629e-04
8.3033374939081150897849715142917313178004826114156982143807838364729306521641437935160075632771507699e-04
8.3033379492319138350677825918552588202153033593140185932834435231671829071999456095338470874237887307e-04
8.3033379947642937095960636996116115704567854341038506311737094918366081327035257911356310398384525268e-04
8.3033379993175316970488918103872468454809336415828338349627360887035506552538838092958094350799189062e-04
8.3033379997728554957941746214648103729833484623307321553416387483902449075089196111118272746040655444e-04
8.3033379998183878756687029025725667257335899444055219873795290143589143327344231912934290585564802080e-04
8.3033379998229411136561557306833423610086140926130009705833180409557812752569735493115892369517216744e-04
8.3033379998233964374549010134944199245361165074337488689036969436154679695092285851134052547912458212e-04
8.3033379998234419698347755417755276808888667489158236587357348338814366389344540886935868565751982356e-04
8.3033379998234465230727629946036384565241417730640311377189386229080335058769766390516050167535934772e-04
8.3033379998234469783965617398864495340876692754788518856172590018106931925712288940874068327714330014e-04
8.3033379998234470239289416144147306418440220257203339604070910397009591612406541195909870143732169537e-04
8.3033379998234470284821796018675587526196573007444821678860742434899857581075966421413450325333953489e-04
8.3033379998234470289375034006128415636972208282468969886339725638688884177942908943963808343494131885e-04
8.3033379998234470289830357804873698448049771809971384707087623959067786837629603196218844145310149726e-04
8.3033379998234470289875890184748226729157528162721626189162413791105677103598272621444347725491751509e-04
-1.6992428597136709141987656594105172609955178800858538013877052748035444720908178606694539518820788907e-03
7.0385496699754392204393073574111651517394547746946579140318105654247781527149851459687552624381494114e-04
