9.4314179313345148675243915922652695139467626240113012599785086557573330060102546875033647520420004659e+00
9.3010525877634446577813380372077462024551971641918731865821812911760001707091654181601271548361492951e-01
7.9973991520527425603508024866325130875395425659975924526189076453626718176982727247277511827776375783e-02
-5.0391352050542784139545530191198180616170034159452148870138288127706117124106542095960085378074795895e-03
-1.3540447877612448815700810807664312955318246323537328828334119339410344701349992355283360574365865127e-02
-1.4390579144868265855875436586518762444688370614296540222466148392074318000243926169852095778021703681e-02
-1.4475592271593847559892899164404207393625383043372461361879351297340715330133319551308969298387287536e-02
-1.4484093584266405730294645422192751888519084286280053475820671587867355063122258889454656650423845921e-02
-1.4484943715533661547334820047971606338008454410570812687214803616920019036421152823269225385627501760e-02
-1.4485028728660387129038837510549491782957391422999888608354216819825285433751042216650682259147867344e-02
-1.4485037229973059687209239256807280327452285124242796200468158140115812073484031155988827946499903902e-02
-1.4485038080104326943026279431433059181901774494367086959679552272144864737457330049922642515235107558e-02
-1.4485038165117453668607983448895637067346723431379516035600691685347770003854659939316023972108627924e-02
-1.4485038173618766341166153850641894855891218325080758943192805626668060530494392928255362117795979960e-02
-1.4485038174468897608421970890816520634745667814450883233952017020800089583158366227149295932364715164e-02
-1.4485038174553910735147552594833983212631112763387895663027938160213292488424763557038689313821588684e-02
-1.4485038174562412047820110765235729470419657258281596905935530274154612778951403290027628651967276036e-02
-1.4485038174563262179087366582275904096198511707770967030226289485548744808004067263326522585781844772e-02
-1.4485038174563347192214092163979921558776397152719904042655365406688158010909333660656411979163301645e-02
-1.4485038174563355693526764722150323305034185697214797743898272998802099331199860300389400918501447332e-02
-1.4485038174563356543658031977967363479659964551664287114022563758013493463228912964362699812435261901e-02
-1.4485038174563356628671158703549067497122542437109236051034992833934632876431818230760029701828643358e-02
-1.4485038174563356637172471376107237898868800225653730944736235741526746817752108757399762690767981504e-02
-1.4485038174563356638022602643363054939043426004508180434106360032285958211884137810063735989661915318e-02
-1.4485038174563356638107615770088636643060888582393625383043372461361879351297340715330133319551308699e-02
-1.4485038174563356638116117082761194813462634840182169877937073704269471465238661005856773052540248037e-02
-1.4485038174563356638116967214028450630502809465961024327426443828560230676632793034909437025839141971e-02
-1.4485038174563356638117052227155176212206826928538909772375380840989306597772206237814703423169031365e-02
-1.4012743026087902726908936240361229338301648707292446269518579924223663200735511141154880131952442101e-02
-1.4461423417139583942556655401423299902135880971859807838643817479796315775151753987732823711659690227e-02
