1.9444321431091162315449287831622378201584584832349031733684399292072371433854813356066551820029761369819208011425155898170669974804446518981874976657396291343882926216802219772613927496756583635981471742222670131373590684948757632365965151836526372961255978160436333581753407402083831066424187027919662593939202341425982021958581504184231378645169700789369366928717127888197960401678215347198293677295570251145561635680842630216156781501499290510013036343209911504395244530085644218297887913753848447139116477513746091664839590770516406743555921602546e-12
1.9443214537590957444558381261081288210465916985283983418454770162650547543431035051837980534664434434397570397220699376856586378671236753477662553883253908156669248360679363583934536768405041032232397659290115476910226194897285199536146629387558229939714633197726302571340796319665193597979237941797063653013577234767573582850945739281030654344534170971814780491922953300317721532643145601453526894607903063839168526295585815108367662991496420303862204096335339605512874935878886690366355185313877849496830801156123675202552813660972018509960999914560e-10
1.9432167948798305435301455952274670188782178336720151955998966044287431133501483909389407915118376681955736775548665210117224544399417446469789836263773923582949391490353246813468455023071869295092208049292670095681896081492303139396748076989918659404245257576762701913204344950711048827421053630856985498240022027823493648544235731347895567775929893894747537713431608140168502103494658757003529085103744419329213274480544166321346901782997808885767997454702459542161155287332432459801290597799311503791347996347972101248549870113122233049708877814223e-08
1.9323847969277552501303163360319385671406490640361974743439842624486670268313419555851690361741312724746264840788711063988750149333845078939647048929039270663564956791409411193165671034425761030648669707094566960930003731942853921710405095605583984000526386566178156529227474299080774768239719479091403287516125981470927801857393964000548827571817035549163358922607156914594968203929174032843937279832577518472769369457387690735490557193572188628170233754749353708431888766900732230886155255541270970658337509950302398640235020235028231963101191286093e-06
1.8399467725821727994208732151001309824809165167387704187379411457003748031443099920596981088914098233677748269749745282239105908338777058021843775212883683673599473975529174049642920047346055974505896310920788588122656380950396415700259440981622442113197327503559147051898012261950126805470908186318257215967123828843985459533072248240444891660855752002969853141143356289050570965146849102266268924860582389371544005415392872839669582203798212313074171014194448575574773333288070756559526009759774048075989084417470732801036929801224957630254104977311e-04
1.3968869564633100056193895202256397240266221030822898961441244958127186158950958408654816184126980636877438256271288411798932704859298001792142942055647775235784835125215754354765899797297134025832626239061252084951897851733697118850037551821067160280098813333236028494078732983982182324189117395821181776990280641347255236135645702186482360582062036634329136948409970918721538166085078409883541925443949757382232571294288812732862522418430986452858829807607067607141113906541488728019627034063896504706311974209753373252898111720152278683659576197816e-02
6.4053975214306712382342380464320557022890390816387346281286262338588270678789244843114655827999051438407768358188522833309066493117467228192726176876223188810674021103563956840064297310969259329855560372243546067658221958095306545554632560890298041666470372937771863140859949223011156474747988492952285252553587527808650653675861756960296345147220668503377501083455139592390885407848082717362612971980022255819425311080221504801637789176948192708927515598695914613037450348988022346628634090620887629255312135773220139391866466247256783366550159396711e-01
1.7359312608489976449193515216877225401987701252081579742324693806002844613747083288699923731383032391301987013219161808076191312293147134588538497250849557742612349026666465978928187748143723225855319120219382666354274763920855470328993065901108266802141429936747765434143449024642358013883801887661998550058701964409330226546073697852751350900433260697267555201581140863237094880709747749097377960478886497514164737809272951798056119422394877740301342511641201316475533063707900820584015822352668518778627795322431561159549421675813176247421744249258e+01
3.2932192106696159909753043913907413100064695034550144690068862920193195665300874654193487958493929003622225172620256359829570115272309920581563886026454994438180499451361821731431942136545834638382761098696362460108677028683176977247758262246369000833318767317089955553501470411741425364651505369479705426470762250164723194808177642351242417666690083972932845047333540353859239268685240978283725052003330257073564480831111841560640587226362884623301323375246312683193199815373889480871030001144877209660350228000084736073633066369366655421002751761855e+02
5.0784980195983407952565899984270700984829172635927699869751998109593989756393685372661921612352073897549057199521219473162803102883767717653432506224593853689255351069660422861649330503476811218601193469507516373830316943879541855810736061478195322623041563053754839478854835659243990271178846161793842040111568549857881166807526503896975239366700324963644873279135787613354085369329018590592027432729636789335851463107294068111419688557860290242330855850569489138704168829433595100922874677047291955082040273233836150876335782334652545421199957470730e+03
6.9520337718764154643412334612195359994308050421614184125225567291870799570772953190843805420122011448154465781000408301679030320834470918691670962665174106020048838626954115084398969833793105698700059159227135428181337317359352583583185174037107653055426127284847805786834318909021272520304551230830886717407884274190347820884382972782251939507577900596314684014790157962559780356788440450574221527183238123439146448505956156208746218969134037966070995745268544746907594288988647399233642629600338201739606324876540607452260320209095179431281199573894e+04
8.8560036642332599990462227305758671454335798072325793208715550853707499108897979001207889020895664438581228622361767403631656443829645394226339755936605047538020424292483208200716152671950659892890444535382744860789163409221116808401549282656140155295203670040937866321115805982250515183865545138896266184720923462737504187599000522938312272845117971968845820289710263360445362029826796178054528513443133536594689137358288407652234253136809964582424933281853721898998733652885282829733561996002325115368043552750886381003579520303619726978835013596511e+05
1.0769944735136404723780314776827542655910745629360196707857847717704564727487258998464157421082374629044499540436977253754859271963767842695515414554302524125787414354497820748053338347926710490296493005687796569929256574642803125002435601297193449736906714188760433875531041162259867824860776871904389368488833130864488415375542175935623021237466372249364210891328973055937070041048407225896723423525160071226992399630232771295734807795897454161109042883597235551256705242498954142296118442589525645947002098282176718865071117778689138860029897861904e+07
1.2687083242773299246157575663075256346779980265222306088091721884883192440891590698258792407225345068829978474703837729403378037809689612111956475509706045761185372209034609694430534322578116372206748906259796252692475839891075859932695431626776304550778860177739851836276469198749875238289392420682391370963926090213841567818065998880061498819755074598613403290466970240614952598349724902579240407282689676514344480166756414011918572474707348656110752498337867160817087433049899095986241289835563759101170741241577871019811874367186010268748730427847e+08
1.4605238256028118288724637788801020145123414405040318383262458350267083479480552382124269417373355756022286901967860483050402521789971346265706980973865336162912697051624518253789971799406415997308965198155285117294100255967009614798831302046863925794657268705394528331948232870872301109147357759612456889623474122842535418902641590008269323174647760896943437798308394863796237945843194608534109436982283194265617739801085299690559686113759969100898117731347138553648865625763638215137715405744220338965889932944208261737425135562789856098375645344954e+09
1.6523715351420370729530427949112097652453956532753924601307640263399527894832479462963367243496182114388368411773111877188686311795869578974468322511651666923236020409646034028258683764148775390140431765570993472610592718623247276534636894570276574603333757421731037334864470730988620751433234646220513838141344841275137384990710341167765319751003539314951819316275635710817617212438699006267277689736827950034640097578491589623318296599612510414987831230693557393061003540984699752227545043263545740667032195606971172421585827687202687800280759580624e+10
1.8442294371224462109651006977896942637991658154995397526830782346206360908824965169799168566277278054949729379299721811634122455989931084700852795036474754035141645783317018196544894940501426360679200767881122571662969109360522847347303845607070401731607319051771556467605567325073562593619628800201405564726874688749640955797184305927967704442366852103974592858761301638034470354355931575846061989100539668106401062216245545793177270985446618155212108997932652164018103186154199387175268885188012005732913669993381872613055429079109247679302713537787e+11
2.0360905630628751577445012424536410545299894265437611526839101779256816769287271506804884329409978931525449555741355877309986924056897387899615884411462242735554771651209072124872970507470121104294111642417497132749260374684708187103133154658007560629678856768633307208271565433838019361169689659200887795947564480814212620693939325059766971883131220815524063704438000832938239202875652779226751051631921665731619505432611954361559351494314189158880756106240373059011385425111500371211142365448372915796584907461007658125275974288483728073932011423231e+12
2.2279527086013049548716655833177255967892072633791994235889244412223851733194134279037442010248917916464845237438909108473119028774366761742071590310168634115798362641569358206553444914412642090457291075071830422520520958335976058068622819140727923010671158559161618204323325437438638273715401137094830130505989677239978649730996001287155479914022631618042895251764192445912872387508527951869253530486651523695950488010023686271749057454841991136074777832326517299353609775489652467706099832999057682619068865436647838064880201598971759074803363441474e+13
2.4198151765751268779592206800185142635000934418948993838784913764508880997236656338171854677573700058441704856920862489566931433919735805180107081326049667963241265396260196798856696855778844743418842312516699195037685284224841837068526784703978896220179607476629114981127164164694740398677565559319075623977344170405768834779293811252349674038021188865575209958610027236903000126948265940793232676621739110565504143168509323971914612948016304385359881881224432041088334687274719438998755602738815686454500676721588463859641954619658191930589642991388e+14
2.6116777465130880938893828907168668478914299077945599921619371917512050037025109122529892459527675894885401803247337863241786843698322237347729225338077384141707549483771877275806464678559277554229492119032439589916749877965991910300871970275822152075541484312192441394652633146349594988806049092616858404436150385044748429698077338878818667167623172030492153036571094833040673041857475007782825592165575326249067295327662213805508810845709843606868618107529104387297750514276844272875381159387223659627342094111079097064504291238873106834240789096711e+15
2.8035403486950624626338138080877711083875152197069882140891854511107216411004660068429634226130441575567159273691240460316601956464027301148678022860210767120692392558302887909843332714007766267510985246910992363770351869109373410995237439711315741403656520992595631191497100631810861498325655097320169280671304303030983266851616708854858258167843773406345832790359271291303071625502029446076686165565590740414283198421698790629204342243408570204804289321712668607969101287061215339470899892361763441457313905210625531426303814637390638662966819811962e+16
2.9954029610735021566314720744751827494379149129645789562105903843930904112330705577888845875051177583010965736680232947492794667634510343548522089254068766830288740244306433307522208137661544026740880949688254649168363097555148134024761399198433790133598435875350013103201795251591750775699306052607149872063470997249560001717794851971387133267721738660870242211140645482357930287858689737342714430246239187906082725919503790031392390244745985244166233715294916555707205444613076835438000997160322085061621841290261806260811217525779073625902902828833e+17
3.1872655766763487057022757243074175762145965128217773475269849396506028048500075476581869913676704289294851139544553153790219071491061615457709938672081442555696698294676225896608085024984542589831087557236184650784365617768921967233524105417166489238494080300791798695875474559017196681987705575501161719010315506507017953981636318594965394915487400890863832452762952936242225950078002316172153947200619998223436471931836210551911090175155192206217689078003799908736257216257902391557301185683086310076132848398423208078270604202702609975114650535738e+18
3.3791281932988423812970595440323956504160699180385938261152630254665084331072686658162192885332569866307076180293293153016384814401028978814222682031812853424649392550590578006589473865029185175469467496540902800029922867925082909747460720406724264496740552199231059120383169516576539797991974531054880184540232967437674725222797456664146066361042868926384406923807183570183878874958013113307667170559750993322255718704747620786439974460068434880014738950525248101672338513485354738926095832333820729824864766965571797026476539829355379182116079763872e+19
3.5709908102437768058009723114515724436597022298855503829543535763004492735080038005806142942989818944843705759295141671949420433210377427184759793979085991556966989518607423128399166081761135620709240039645018875753016797734961441712673797765147335102748518615336018066612518817991649359035314783248211286686634906180172736816042879211322772218191473469870896665358273213698805493004185556371303076555238529587718840085518818856550840241827820411370295964276035161616987982197466776518839088674510565072052302290983398747358332951010333731496454175789e+20
3.7628534272906759496976594067788425321269405253160390194989217088786518277341099474400238970988207967698726917901714861788053583756210526440749501686053614577090111528005805932455308615435397324600381068613098085071186294170870747563715435617030630971492665704271006974941266645743025572047980389801857084602357506392453662031288409891905682942716982865818364545991294854401392626918814914837847566536621311231807685385341600651849889212945661977745244619306020427175073712778168818272614317780104735206961423226084327772346123202075169467398790300885e+21
3.9547160443698191691993165150732781227027578384460392016418947053643565078669426834105373109045811853609663654468880223241479042282698587932765297173767587246600966398771451739412883744394486713050858925250131633522383241774928002058521674183313488649358093242361987012076111858262547052316216577335582651111484671502829098510133311645278488199568316060633060781757349971274325434479309750250199400486319531349761792479495427567561187975985702806968107032099379485066629789373060835051711189837011745107790381617964219008252479972097891556478478713569e+22
7.0356826555433180705666069382032896416461379840065412516218376068387153515207391642836883112681818144833481413953464103200992259641067688141781606860919986032036902049864478276630754176379717348415243287583097864156375150431699548019573036367269133107615054236090439856673153945639171860503490194710235413699342137537001983236864495372764444381324135870778341724334547817582867546734700855281766306185080634914613240508920602259786844498706163673725542301230760617092433444301457746456082893627920297194959257335756247383196906296973420596078315346197e-04
1.4978658370893835259884464262899476228111870154116221116481787622242258066839289197072109089500133963957899772366529261071556675798940697329524465836898616153818957006189014876259586730162490829052995508296582942455308911591902143077064547868695617056432969376231912039437141232527578559615577059913867518242345533546934421945468619185921766743323257732329062948525573727294541736572122280404115011198577254934193431028293026838003723989538947144219722849429041477171969196002888831066332172573736476398168461194751543844746457697073657804654243340828e-01
