1.5446055403489580394611747237257038916625884644421418751722149196351566016255333199871436036630350826911228388078215192613219389866733756068081650771596895552924835057154179804468282205846787620257640304425466282068214529367736821163494222289181775783031709917714965265820978891058431486130681027017997067122810255193375015799108912757663846133717966647293606270512287203906172722974133829133917913086868039588351736606089514409406759609862985111468477515178251269617032579294119122620603076582555588996748655451606622642335947583968151120235674750568e+81
-2.2188538774345466329920128889110437607498205483970448635308862145996811098450330144607383019952280210939136880900678649840823646336478387655247159269271206961300582817522703237448841145577690564240066115752393261306289388255215589965797125052195587016990564458668525375756432349966870298571884598498101863651933958403784924283882267065829762900141129899513314031338228124300315543052830545631110192204627811632573591211058629838798753146044114044652269635206076763262805441424409125403745755064096789773464959230473899201240124046097827903592503963203e+36
-7.3945604031059321673221806684588121533583947631245491457687134009903539405261029062879747608791314159798680128982435081864797186059374961507921613402194209738726781973691390401414009911196072556999787250646785670564459524309963802158174466425448091899427887891177683868956518339030108822471042872168386673939074883050575769302065422877651316499098186974303228002402197866341359591739712306503983736457231878005285621180433652469654292819672638770778606704667398669703837420548305952111288303754283656656101258336472151996332200069613355338328524503380e+14
-5.4236851957974204277078514667991638757645183399012300341676368003204640210337293087611008371043204041282009511868445370021253689198867399216325776023266720926017654413638237985809181899274591762361062348293154347279799958826043527529710725469862550204191658235627849887492109265678611044639493131865778483223743068050936939811684470782201178085223363324346037023563217880868299598723269650464828539241763414959253772430651002177009619172015221396708739925281947418315430193662710491621956992872349137621877127845614887525959965878771079967186447182209e+04
-3.2104381652666193717229896127835522004420534600178344312760163888683347423652914466713590996892818375174738011186363499457857552625337536318533121187081583464108117630770076087011803127455010831048921825999098143009518740633790012487669355988853540673596482684988060832427722378264590091688941068489685506458606500330707969795602664867102873327674249103984353326779026435792617477389884019453441274599191794009224593894107288109092748211011950802805467075748900594124587649918292654815689658557454374255004299136016324601459870691447011951173852515102e+00
7.5093915461508039792323537370280284399634871206512657413728380197101946803202039129216289814508663014551156059332637866296769480994918410172246103574696394529037185150553011504522759438482776675321477804940581327801824657624179252137888553178170312386406932759849910919167573118237485555340389402067085185708366760069434165452418342196979767015402174518037309028601556256990944618768542886752098907070478444011594766512835042476633942617451584893806918912741918588741062658955722730845793844970799039424475916759829695753663143102381781056778563658928e-02
3.4230085513619934166596012810482756156118466219227252721520054532046114246862534447397215231715266902977959219504886177516913116755833265052945076934281148023905675175122575711118655928871507461670951009830333851873423432126407958727279713183600711773496325640167954166625674064905791439920196851342551233166997594604968313071642335218285497382943349885482138830209230782297432243040851295526532653145318333297489417940473483400023079940907355499518383699724322500107712902063819450251369541235182714962609299841633630473166077436477119109537900475385e-01
4.4139410844780915461374881420890896166494670415792036842406761444531063664480698726890630053868236931566184850704919803499682721138195362169522140343757734044877898526460341877909095496337619116343280089434991233044160298572078250027220643419902960301243031444443352599192664603538282633246786614663766782445513092257395559349926175009587956405136782458141897679429723600274122762694718318295041850508202308607205076756662250100207055634222339011391986642040220366146209950289174088914451020885816648265117348628494908874044772498417603763290627958837e-01
5.9574073440674314920152296331228653526063523115963707070874158729487499750893370257861858479978171030624019492292752482601782368073282242311675333167194292708881977465837620788622090976464916020076673855773080390251825494972533628806503887561692818347763726230279811866734453193898698202264261775732108549702475263638267012180441916729530318523415563076908062388854829701099003568372326864255037910697098729665154633491782716695549202833878991698517472934535906721434988105063254307871553370024566479981847602454512361536234436778841350134411654861789e-01
7.7412709511062596621156671460001341541778738066056152879895328055461473367302172105944110847716872379901834087455191522116537429249129030946987482055195271110280582341637792170141627148756761570641913147795588818693907095072194412620077630011477401095466802770810496120497868810714440611600084284344058611579186137420575286223234147906887068145441061318983681857539172647872103988726518602661696214856241192039432529517964843251690900264851475958978216641692230298261522966074621915119610364524379424287901623754020801730534314183995649327783855846393e-01
9.6146648537111113700316187248222112045302141411679126433824572986336631570792901280648672959900871985629073389878885521265071601012502630372264645432997856266708428954990707711718479228484573823314863448447745808592240919290880616655859511911507086014000656841890745000581185797670759620551691897885803887215707403693244876186563636669549621864669918699987326260521638231574205793930752316551825989967618566329578435023739959842728337444156270351697073057862045258325238330810606998797949327528213043147890084227124169290441327484373193196472843835886e-01
1.1518620557806648003573498665454092045027747138212999130103402046944077967501175523328916759162323269092948117933978740864774406358304012921555916946550189719282630549831625168926513999063100324395627676749406246034829868394548585042179897381327512340665340414464471038888341431168399836033839982472406383321297227792698357224425628036642548487334876874305593666016993568315640318936273936567722219709181365667217208187533236940454574488938571201098924271768384123271792869057116382625611746468236332028638485477292883116201397857018811574484231606792e+00
1.3432560209850722940101715316279886655851434751635261275671325768144366709852270608333024421425537851709137992356688719837451923498134731288016223534892010933214174636483759364697518312541102371497172049082141879590319698633545280829992139887833209260958298844390675367829562863518828195390920022060730595270340966360209528527983515526004574889968980342449708904663364098558702871078502102453903980253472638960238715252640817502013972926015394219279624206570534740999975781083677744474299963132295073176939659118430853365291094192947837627615845567044e+00
1.5349698575601381094535577249143307924655343606409049207135429238236736929352284063909278380733960492084620672068165751377678894389071572468996881453716458852054926320057122209899023012126059004327456048027272047603063013505093326820715813181520056436725488511964261648031471827292404437849160124112809034117580186473604545817819452313607156743795229340188071797726277264949113800908740276704704137998188489362990038088133535754223368851948596935929985154336139821150769458783692005796173708119399020688301544472217952388034619430699011026178795538150e+00
1.7267853574667573206417929461956655594477667178088572834458270789737334380389579364011284663753377819373568608215399632257514354255171687103714157480163345767473906410024005767963399931670530555625212146368146135808586910160947936088781095427831525994036149933275554721559261857363279537448660916310138310231065227005311310787369838874128067568780972594051445184190996429907667836652254720547515930912550663300401857498984299457701209073675911996600237044816333823934780079293443610896653984224327791951326086204650498745758658855261257458435447846913e+00
1.9186330668640962921216345788898549418500998566905472177423351817668051258986001641263445718852813392957202522046406484190924796647584141941730749738204243674429109638728513669355949543087512838762882713800111027645520155205257146267547701998304622113042735664416468300104719523161434513687822683888596066922262000383771572115896129198390765657416840220829155134676140646508995786909410980977822729179109720599117607628852891560787669948123899712490137318557570096176186562506575093250522075615197811100969811602440237473529956772729252218347964305496e+00
2.1104909688303168028406798406783794536138697451970879039830073408734885846365231723347447657913783897535271710838284524923462536515085658632613919221197452928883205141262201904570191381053980978137025038637849011049313231557215381948281236225213990831681731859978206413801632291584980663616208510852516314602522733211724507810203875593179931467120278021205501441785684244824010692457144236238679062799021056279147129088230439922538489218432886757690644761202291094350925899448561738807269000826491189420323736074074548767002978317899403892989601216172e+00
2.3023520947693268868904497322058533739594709427886735316765009379885272812080138517170256855974320453320296058773513609538160840356208781009018379378186525674023069908065463808559554889102129362332229091059105076365589413557984733839424473688462437277308807147090947644261546428332941122505921876730447633732646129975739363996046308004569243499068944880222982124896144030350578331296269809865331693343883590781833385572237233864342918791424298719505396844943426209251601906615132410591898913004147071681805005189445773438282969404123829195526284811901e+00
2.4942142403076147977446477138660159462728977846504871531365043798292790905720228365621756655124397152958851941578866473827223191842211373511504144089045460546525858822846763146917717696837231393821724061705484951823222182481058649841784265901650029348906288532480572252178547859778119861212236880536304857582545917968247120420632549446511901722344336401105218340188898637587677099559296401109393022819705101674391442874793087623526822499181943910429910850262212682276449092093792573481857060803070538217753393570752340484131295617077563786116072726540e+00
2.6860767082814225322049061417075096692459419696151071719687101738098483782099738593533766615010291333675524094467436778075023159821123833919349794845456572052022887048384946706571522471588664235178850465678007428913988992609044236273013558940728221062162310360490564037002198413637717253076243687610150874827508255601840951767033605611967873334708046625318781780211985788743008401394308076498800751744453283107153700984002315425034337947337189023644280029935473808910559134995385890988529343985987029827935123511181009688275177116845126241116530535188e+00
2.8779392782193823292723386851905437317961474170126064108441536313111905096323072856925119177505099319104037083885446686265129987988859198808289089994434392555580122066692974065156380937288151291157788405955403046599713820763014007320516998828751657853087902865387584020128533358429099460870905757376518335829690460379580742065736760720383789180091341790771171465421119476110687143710386333884271856952546686981693162624296384454323979441802417981889572689125293234907501309458922544099412401582442962310458468111654506121921022079895127073770541339865e+00
3.0698018804013565561304966358366222498334462446931414460008187201187671400063309679570030325373940622981054210355927608792204920348103778069825478132281989524095073865940884406022493505491829249807404736681781227405862382590913946180173915894800039634237510853360917661445260123496437363737959131614446744105706594196609918508656704992747884696042046901843901522080782377271186669413572029207592282930413401244212323275235688011796204937472209288483452922225808397609426391246931787728222054092625725917637075917157465662514808002006115997905430555421e+00
3.2616644927797962359395276055515183777352205557895358924308026804124169652857598237757290041474887750484489927577051458675642031162554542146521362230762784229017245736847603419460541919412579434357305611446794116831669120753256565437405682089729392477042176854247241432618714695472983720917094015486977852896031833497583654095743991876093378484377390978113243524490540549245141716855746313482983864432457515115674691332063560581381618371281348291870836147777823457809711389564834825831708972292837562189645455323761342561092642762920686050326512865240e+00
3.4535271083826427835914685257165013238080121500933203942013954482185050635352407604895205924901186502562584979682997043619633979632424467612367041838938716168631432618865642052284490763320434563263574153117707769646451225295131537833775288015470329136395416764382981992162104994987878373412196288540638207152980903650597807040076924624919318961083553018555002533285390777835736824265036093856063785809463440021257398442825592985386986793831412461332032495350254710689026016807007774519036400899580256104459640204967123550274620834009896053152513816195e+00
3.6453897250051364590443660724747542066452062800814226270451202423242728579608020804434695761809453265485346267153863474138128513389814968487961569293557995406594494352571817589154597058645454990252006151466756593452298861636720860120527863936998051881430320329466953248911016477560718695518163204002352101592290620588990283754456651338027751895723559953720600022464048462193486623300703124296291393424009695636704423813593354111653802626140118153001380831026722504657637983984817496813942916962985326981552220573850679337527845011495826191050350279160e+00
3.8372523419500708835340902125972584807194717616587740308276655263414865033888180914327830422610723702376504382502818104776351054340771764840432456020060084995698367983492829440033314563304012229958746631773568354257133259125201311378335956540295551355412440423441771301468556190209173017648875776854117627154731169842131172131545782794423142700609046802088265657109125975582287637344804208167861768118692620974690188045875158799186294504521097439873519791806714559723448637555730970776319679820684576419347070362178562435790912659477919453024610730549e+00
4.0291149589969700274293584451948613172694439850348348147818440426550431405454436035261901975809648546115241701366038647344618889420415382460510676419913092093922695406653526407690030423572655936904924207710165962270883515256359155664684478285406570891589449140853922806725368864539022802554146334143311580144129587083153990006375630114979339775744837911547637275661531287040869286726408481758159875388608432449508325125336821036968351204052916900035528124520079348147960697939919142135054887745894058598556347200649177683090513035393981033276301253896e+00
4.2209775760761132469308736672163301826535313970691175382929308124282469809321499989021347839648348928666628386727786953137556058611013074896221789417541737916469875862645049333816148789011208867039589207984679819598012161067655146193809396437410372793902461244593513791408131873873833205974119337528689295474008874051603444008994926509050670657540649349425200535814103821861482944384165654428078600042925718196176075823082245163113110267492198990810976588123184493172168057436407473881389381395118185822513239200235120761980278069762704692430422239912e+00
7.2082950091255950809421824847812581987394089214926409258632038039591810761738816503725294360307765190880018392043291184487663485132586947270349451294954672939340357804206471010055298245453811999640530073891128621346337004608519706198190729309361313974966815286313184415745824386162818371139262713836542118835390079420634588072801635448531999931046253301853284107055168070435201013869241000788404680270032337347910030334740407953829192108788136155251720831973576646631743215866055744197526663225924389726647706224706252098072853874850336705705356783939e-01
3.1901244783577833036637098319726449670963513675202856819760068419906217048830089140613715216518677562639022270681490593071478024327338358761477733207520755961031056037775778163638381725275860367129476476746058870694581582716108286273898883282083079813723684555645098352161535272657536368032554733741936534688548459810003838644952513905811637857912161867276031854669984515583080741409418506147427004021904499369987510084742794463175376336577890687181851758816765085568329941576194282370937973253917386146097417034615376899871828942552359153860893516843e-01
