5.0914376331070165854739947255013200628441833323009504288151083378031381327823434496052013914567903926286425267279507676819416737120418701434539581988779909342865374877068169950232452825717936965013278231895129018768800795499198867850469161344387811867414790838749085367212280336092346962479032982909304275334815909086027627459434056290940597764032583515458676148900502572244852909479552501943689854174389888120868147503524968217816581119596473198885190367025689041656939932639650947232412889896356540033967252916946227881403564294293122428050903672354e+156
1.4552448392024922044866662064950329037148484938413077993862207056983524257440166962451204576243482063924759563234485175298001324263169227237409827453858150415661406500403506478538655251659117737463594985982214153159366955470707122165143431140946837264640330553561403065810890274888486908931226026091735725618575229635830284419380403829035763606342021214436642138422408843851032193162427946121868484598078464776531026257608521212553842868646911810719816159549573898928201835025732120520929435716486524392871775050466576771134717381239083945150647761436e+32
-6.7066537148637000567717077784949097917086573375690369782249557909039481713965284418276162177324209841565574146949069937040071915173142961725750817543373261722161920602490700168337038272603687777253677999972005518626818642065236359678824863961400581601234125397797610564961521450628476250990553496307673882026301920551637271412461266701147829155390277940305093470859735574097622855028771083051475066349802975491277038735937782913420245320626403794991594883539493397041195193252125147930508256052602663556606472902716066838479632969380550959064396880167e+00
-2.4880708116714357720156483838981215758429732019662881260004473185302133212034740182444972612823500156344513490877753592729634963952032703351009170297184072731503195013971721088884413818041057866772826076637046852492142088228594587779013875012737745371797973538650826460993332645521736977783142830011234135920330902818238983020686289295760204430813521373058583019487525101943985449062538281114076726148102754062613248203950154521797882385087650798519766431589886777984137951812227880281174770136217977721634546314450342079492363375444490894118875359781e-02
6.0598695334104418264033654809288504815315166320179732669600277294719301922277901577169045392017310086719862269608956447402460500594768062360057709277136568108316187307989180083351357899598143867605608112471005263906602330737094468233793650026240533567046470431621383789066293375552026404186359627922943939337745640515013886588163315600139010906785053740337407697447470676422829221172855078625716672325541485694409805418978980008766096182205671051252130707764625596121267312282455148014486353948234328701589169246800645702758044351526163408671867701435e-02
-3.9622783036214336692043762897571953771297568579602418770518163115137227740168423869651338909820909878253867810607160204677545280041752416862616919538925529962946354861877488543392357112517956369721500415516686018337258250019736246992685059870752240058221386960800054131725173893022909695338666571991584216143181461098247373008996244682052101499461689803128304553605852416250201508365018493639215004623759259599014841881898039462603784299225303186976383753732143030029825451122433069814705545747716271529474241588828168383247012490655681349282747582763e-02
-1.0869224617606468807267250600876937396645594646491721094263743532134852139591820426001477157022523728045602087234621462403446621673313820604574598712656888946264918106673709290006383921221706326184293446086950458859038647756563700822369738017756226750100087533071094637563911930357159548928411736420967991680807701242964415904145561916467099570384425494470157287551313985304182522671869618104276489877496211968047316275207760725373687225160356034357676702173570109529722118907865839192834442314051274342888920703593945888229133526883162723438316907063e-03
5.0608209304637097164445249324231581543472619442659934727900583929908975439272789753342105065026049405630816609366546952847861471761358252763791779990581587937654784372544548250796958579148897571443100305594211211375850305712846158620942880317737464827454517401623115576556322787169470882023780681122926677984291006620550217420644153114294327476931352242400272979161201337049963189079760895473703906666390557568279460235818663341190923305354260888403994119981595677672347778700146449055413313545948654166206588792592370245876909399588615185832525644516e-03
5.7021816011134693569372639154938210462248129977927477271326437920435751264489153686636404480967517376612404456705766762413406090760248328826807541947350078557438268407843348042160004874588273879736425226664811631614731821440577642412887791650086339159656995453412557786403080777165834789751898929694063549017934471831240464843268779691047028871083903076241490152628073932098711006554669599806926910918820533337945023772737615383411147449254962048481038788963615032743368065023181390875076525307978489146716091156680082172880068710538074466776376317638e-03
5.7665874531055000312854560257367664564653477744405184795294449033039647060393422422924709097850164682930414404717839809747439747177286433823840566221728929448154874990702184124958655492279851599652222137272329234350141669545249627957476137342107233873151295159245139145115872771944124375886399393985719258687045748845440341017201776222313254975889380720988183934405776589115910970670962299672032687163518353671276581616388154471486996374269561287495859872467788920609676731991750061156830188149334792088359575467784768069501999695452706772467821007071e-03
5.7730307401044821754962505182449644162282488455284012685302756192210778939000891762137583601126876499052975387293274813335572279828246256763575527379132139267829237678589267396049890364125243756433616064716178574795041126219902731607073708824509016506792992949228391187206777181078083611413242353223431671438102647211504762442754447089180888536992269498609911995628333404091025733566390510620805142965971233114798372026773134630257306067850756528977221897220193259552172499654856321746736239806870076860396907825747797612299950035314588484211339909755e-03
5.7736750958263315912197669737668684430056580284230650494185611706779754199006464791281674049182987435543226661465125239397757837791703286793359746393496228618813141001778176582316858526713633040669957986689853403756818505492370649712065753143739886609385401390612057331627296084926315078735108529614110731460946286368600014700590363675389921002190837071823922347315179475158101253837943122874178387353614939899161689319709711457495175221311384195313420483990785706570557830538777668098897130915545582105014304349875722518855380616880344522551113247359e-03
5.7737395316687399985060028016546362216653802336569298145229457155763401272302262963527455586097383371047152779501230038727047010388107705843746598083641515766787923414840424036578890984153648660463834824449938377601091608492871541057122021415052790057939023429093316335992249660542025582901065368760951845538720809513380891264389158516545225610790606462001492363794748244105233130274357324841543866130895530535986284384301370417857159667886092956611777973579913619484400713962739767806631946861088643215979888884045222259764264818949331915349792005844e-03
5.7737459752556830778454951198392227984956320904020539498540074181305393076771328739872095501395821347256726072283455874691323747483057561244369238645097528809065577416212970134723054793558024799278704180565059317235211834556365304643088746615969594873185870082539077140279443267605152212924763763516642262198384666258478701685338768757470703132400785715724172636013903057140143780799328626132340683593298972349003509814201336208919552413299054533420905189870947868557572655953991443855985803354428088987248236365560392360382687071438604551051420093043e-03
5.7737466196144044081695067718086004934348928009315736568904381450172953106476208396801318953974018281675866570910649130481338896623351405750128688937298250619548052098748669163491451370116200640214429213783783317646925211898502169524729842739242257109951144892557798974450326422162401782876525702576056728926188383466231154884914579027905381905725765096394138532447422152711528163109781977786851538858721670862913793613010361688874628339072256095376700528559456270668325254215491693399828251532640065170151669679862855700058683878108727068412251274701e-03
5.7737466840502768114258125149401347532138435473504948021970379962648250509956970253646473451643312103175659091425304019031813290895736885589566881728724172427963496828897817581921905582300328247170420306715331896263325626551020964059701030261813703496671167569794962897278771477145925709549805110796038804192019990988771992485841328652038340399554930152146392314685410592241989840120723616291546273424482816349406218442925574841907053580426868419311851761726381152926795016997826753104136862495664924106434518407606275276284226514621139953022453800072e-03
5.7737466904938640544536821389863672604283998973551218914975631919265130688943940537910860877206944180127071330385967580949127653229562483555540235591119875081930470960587839324719297612005879431066927679372084968493014621702973774136656365399966046295716028649948348613846030184268862401508220487978360595669738739779691683956088672857116487922843923737828703105334817194001948832048451185290453276023848415102311419516555868577650968603943880375370740114149089847015097159726885999808303423983237139750163780737058625387625167866094974076632937409193e-03
5.7737466911382227787834914918922750350814593460069170837677940771302606984860789958138375769461041020577560751912458725225880089676476463354173801173700501042038314561746073511780464707794646660602349903803744144881051815425513341972035833927230346055949624704625503049033923741028710129157505760416497432158901828831922490028186346235123496688497325866681735122396724942560776112673784755547193138218386818986135453140533635308130926370310811238173243545039202854375750793268256877150313880135296101691684365713433269835292465083375189659520168244933e-03
5.7737466912026586512167426510878826115192008565484946672392679385957001595916424597002153744555078751449151479858822406085663014339478215043333443059131081219966968292681446079561809589587198949370829633709589526142021859361454506469332039638133524778247498148016209592859094152579067228998286080187032892868770831181142276368249494730173353116020147786864497717437637644243219817197439728140510730364439431201111695042134713959987837905469203640578751155814796322048741606476240805524746942562562543438219065709608036714822442619709420429162098711165e-03
5.7737466912091022384600704692464935411064324828159901896729453433679141816982340144638046275651163598305360894314683185479331515646372932494775090857164936004110168174037152317043666258567054621180462643282248393534438848068401490936996801989894509242803639762295476544716282024042865605639375094856848952107432904214708878732506473398991835447167968657152589166571882068294104662770027114454950955346311997585281947964046675853300657081777066879069936725762243101673201617643765427129634183053588388432278967193105267535832019827348496554987764253400e-03
5.7737466912097465971844032780847451357885439533144325967304929494556417572374736673804620729771841457176816777446022971250523645814390472516798805258839905285542537887688632543677088996777165787065570383508690662636041473939743011360274668535884322002827544380277740875290300413294921074475721098016270193002345862186394032162243696574638625540212382431589582410904948966250363596047145444846143950059802252322085307221261172419804611454370602659525122654424419897574963043270925106271833609516341868818732988320162458299159878058779984469838287282487e-03
5.7737466912098110330568365592387942002739929371761133257519018103340598329481670076510924129301009965849858585784585146271363449876859689187599358097822804150317914962578749640443140301281290833153914328654642625129963523809977394370650882075460038426050133247628854923870178190480618194560311286121522004941860188479213888796533057572572116522579674400450045177257456969672280643369452701927945384734158903356736093489089700782688635039854041545690249546005284895083141742977985165944764130721905563233343570771913427748461985716008723561130993957264e-03
5.7737466912098174766440798873569013457727102178841328830969957836249164468046388665031619437057599794344556222965784625615646415155916860577814595635218430894593301422438439126710727062157659971439441344395692901664911018945453347618539342158912917529200799709538253993959672763646967535281882299685864171443002956954884907629113147481130402731379926436132114797129156710194853158879611093442323588753814531765552260885866083828966470551598707342752789073482592620736233798930613479441627881157870830104765094831269766152405290016821761571014854055133e-03
5.7737466912098181210028042201687390827130836697821070867954945112756224450875411207650048024279152612113829115511774030291662044342241798753628721233195076199023245723058004979449891657363983699732338420010847926885005582478426081780711862625564156225200604751379051044849661754981582043318588894706389514283927168905520767390546926889803422289398153981207967395576901203514070576826487809716301605113103579458917977648726482702199216444730369586881008342349379984413287865081097231382485380622155616331499972045121824602593594154367887912822240648917e-03
5.7737466912098181854386766534499231266310260322101801833781038371436491774606864277635851898606623686098623807798611257954258638868514468458820611310812147920294038878420499334436633254213622938907636330832390169553530341003105999189370979337364785154659172224280948869173733808677587868677519785018096699769759383140153148771985676962128538038081878709315628932801196448902636429872814547293979730101443693163370440271615872916421726745650926225063021140790492078215427477517180341803525879933434249064347391626305262522639450839977260297518696763529e-03
5.7737466912098181918822638967780415337250593186253702537522254838212811809865240966230416162139688319806422412670690792885261254764327232958891670021310133647271473640095192660877328206236721712277762014054169048720356312337644460867285306934281063157273808823146389337877793744682186376802320342753258524154256946870460094210950830417072706128208763536260880605917401959368601731717933188925140749384582819431388669893279014336290152897373438021005484692857472243491282941748505623296602387229423579442377087110743122537180578360342218441811767909163e-03
5.7737466912098181925266226211108533744614850377686130884007499887495124744138595593484084157441465770760862383553074053399937098092208492744045035113194447154437419223843346889304879766521352232630910095682168359911349888267767553660428353888510885431565433608200367018793846730243040933735233138456148060920901089842459740216100201582725691318988929095315421121664932743867696080457767566160892329024645444678083424321302954504423820823095168770730585869992641496002511992885720055093737428434967782294942969660088282649482773979581957319097758255791e-03
5.7737466912098181925910584935441345585353978335879546101417175163780598444871127793827841805689909092615514776895567899247064445247487964082852634482103281822375187360110215891033596315509533159689349813112717096160245422502205588908828727041795318546621987119427366315762100742389232182143745553065639760117523414658320196288132541550768569031757584263383356531905742813082897855421946291327226528586962343074921330315816938019069190465268750225436897295264268918917058033344417667943144321126477716258745518487595944287041450565677758517247735982307e-03
1.6275470947849029635438616061492050902880750688165847516689615505560822802295372273297231360143497213620347137709202436305052054085261461459232632131197937198738284767035604849484815798050913657819576800234555817893272618332176562211209485352026354758545049993333861202895210849281704345485425465805215600136192425572613335783055284507230416619057523849965281588369449335225332974524549522220665404853677822419446989417315645571225318581100067398194505970619960322016112039189482604055068920964601661981941458918712849964724572801799192801404261218257e-02
-1.0297740022210791760822496118532674311453649294734590581698339557978057118029633751658487233178510574328940513228801085715876654144833040570310767729047321680836354352771995598476215901365506137334004513550969679054118407024520368692965712108935694608068874140361096210494469913392130611695699669348048433411895578072438978230282370728066841585556873598724838805529916809024289178423691252336309503697005081083269772717870905529259163439760898978934372808827961385447281071175190675541114107611068446475402997920147867822089186398907133298978309945339e-02
