-5.0914376331070165854739947255013186505707678549423892784571869602262307821156984955672716881631193044426562387804849939556587545587997202612803219030298587726520775115878643036432732108881462613747630992509785609431168264216368988102938120537216355808276864007078868351437501814904381847945046360615444151257003654965839164196961014583586614090002750398517556840145345644612128065454162257897926657374333825791208532133209065006576057254913192356966128935229337800293089472364890475792090937642211092573791716283852450435111251663290314688017627502623e+156
-6.3114047043318866715665711943989773505938364149972902819345315066472862077792491221452019894622357562667651838564664279218136874303214670242740681255346684708867677339731717374454119266377141174097370601254681772248325438450446284559414219158744491401717718381366441695859687922393183177099689422723583318875717189936184442554750966227589826682937180305080580683894058714593895900874115958115894312895400407598921201345505574245193952344867183245085131451635578075013541992582104442435527955579688237689204772819778223525110387684387671835680747036080e-94
-6.4660001492601006369408258292931616887558108357474763338760000453743876204171487085779032835694196319900858571112701051911276732715601062626321372506011977961809104005930540818833056189655325675656478245204876171263081014168444989301691831628851232288744096031450019520088229726500272908171881399220515712621317957463485054415930811575371803395958471209713780029913000206117374426660358994703927889157055517028287239965512178298646863850908851898855502755760410593042955080779268079204492052630583232108156483832507177519468390648891984720810008631924e-344
-6.4818728691138222213451083675229174774998479292591796848512617982464502836060495018035507112752879008973455764594007338359628886378620010254963757013042591927008790819429266621247150481196402670017381540798573421173284767487179255045761859119820598636537916933319916433571777105741841218467574165152543505076772222012896569881680878577162041005258585949922331035619752903019780211904838132273802651303950430289655812869631798914562296229241455717958513589826835384694170940110573502327323211929933589916841870615378220408367039558058543131397328990445e-594
-6.4834643831423905620491361118242723999926421719697545741637627305154865034668615824034183828592001742515044037750526419430295946829618223243469133700137358718904189942199170332924400402475672181899109898697607477782740582993075286527093734335781136245327212408761678855420254950770419852596178112117388701921119444673927715548462077489136961655191579233154672115795753089480293018769748520187343935312293190972343970728624678420341659174107111569150333544522798910690052871435092360951005755033535474471351647003553060124032435188902389511899898886736e-844
-6.4836235770788849068431786685037731831872047477449802955411848950926857740497996486594810641476505363799935073940946131063309583703639494126198581893667572860523484105419585939268393248708651641515031953219858672042557817870540272873398215027147116340045442053764467227076261565752308991526402906841418467253514412204438266552328329541590973324871596190525925099027795639587167287543177709440227007663901912801542930226403423029344301567962307707904946412364316313331835043164730037476739090406969318184544398585921052112248834223487757221882282152873e-1094
-6.4836394968979842212050606533919446946347580097129320774627389705344020712930253778248058533096062294868282206818784247419196090783158568999110914938519465496470653166704471316143922395530136585787551742032167479045059211491625527263350575797518078081798387424962503378951904643465170788117274675297477058234370878427730039116164820072273512897679029075116391372337320559161469491485256923199256640664426411457960594880333067334500311297059718070060848088378662629794091451974848849422475243740226072336972069304768146153987909483060113792922979556357e-1344
-6.4836410888841487649748497821624293345239754330933001686068636976554828079088534098414745619963126610556588761255411082470393870228062704802037861445074288364953782802518468137696893221077286827379002738839637381193576077985356203029734785345340988842712110228961833524273265966396704116195633140955074199376757775575663868463631602253118550779181765164031121967880123790697957445883001122376016280501684642984473367393585484116897830115426873566434492601910912596583340572253714883249353776570962346683080910022736635315120328616837449864815450158355e-1594
-6.4836412480828077655887024813712525839497449721215581339643622999002625605871528233767389306704823998890408918331581986728001776062828720646618401192118934733231843527971712456742886573415453692609795026776266453667029993875659487814314943340443216312863140960836047042291569013538318854984140332288231747241277232058944921612512565189054121590051052043389772470286925809770973025126715665910226225726521152843595501906841556618614228674421231153690438916002014105269320385403883719961649066728674706426548500352359754757104800482271317240466322969813e-1844
-6.4836412640026740911125700272325770617819307096691743088603378303030228199177842444022662336666646221880484520047267372963014087386647895728607208245778357001388657138162943904021526220031293250596134369488577212370663212906501964508403907193857527841393962531806569587180273788025953015659486397826605714162405505257508431468177220984036267975199038498070150731601944810367882448073694517150865870700192878048791412138385832991563776290628793846859907346691974682277591686165665432969343608279020700396141313649437533841835888260007193360319800477292e-2094
-6.4836412655946607279195817181162210651222757145891385955897226624540739422779899597461430750406299048217107327759144067373112573119390073763308227729072842333504475636764423638770244543239203074751785772754611517672090322147588916462008526637332793927087490567578765894328011182915903949374356854677998129153430438776966442072062197629390404508983675909677491359394197946980059291429239684626894998263302115985649259739679703570246601494715531400795558946585010997330635851488582345488224494716183909136485165578662174710862901900575006603577327088633e-2344
-6.4836412657538593916428291366810986911468728142747897925388222456608836310024643853412288823155858078768348284761590628758969005746206541776978085796463573395644172898277461334153840797221433589307585965268008183197670448044830942717960932010999552733562508534325173879302661005706532638326712053829181209474754942492752694893024738640789470174947936353990779953596600597938341903433045066598604175392820109259434242664064622793677065408065165525359057158261440519844576040353973060066500457508319438341803169041873775940465003699961684956163617916156e-2594
-6.4836412657697792580155793410324651241166732378884776158059067860351577198256219031719736645746058429651732646627581423347898069939828088855003283097517341658857337634047417644696616124898302020185676664899010396580686937792236431964704712186275464417503774601196824929480409320232420319693179324051331855404237986853482352937129905750764021030183456608235173265099610460227966492722320133603563763529726749988770279915904484897674501521961261266548390126766564537478091448759520337199710550337539178499715965943626689535207174337730370071029891656093e-2844
-6.4836412657713712446528586160925506676554371524835827202424007056153206852728401057753734434113903769491760169801521135409929021764769481053714483603392488490704312594499545761465899935972893560274429933791343936739223668640637401116049268036658885679643944994554267793207642070974489733362267001458919824732377776638732860150714634744439185937060135871599696290728226161215679687864388410093743846422660488730704066629883747297328285604110085359912055816573791810207566622446736377497330403562549892893472327197789115666331233215196757074788073971821e-3094
-6.4836412657715304433165865861448087111252694931335288421938988619764323118806758760531654906398394884265237367127104842874075181310477462322882039494148621118209564708383393977433633867463582642881518569860039805392587658681754278728368580964524795418514152932803505810411289228198897541710171822237316016467362794754058619977149096550780607871027640224449115342524855309209318213291997623624309353590691960685641751378967243159270121638468218727275136232290047823317001456635344222912404232213660796386398977046249581084938224549868240124347652049713e-3344
-6.4836412657715463631829593835754970103635258248008962088487330917012108651330346885240918125212784777910815838577902623219075179663246843804022656096912557170018135415961685333818238648031828549559540902469638594984976100737716819257074904326984133676007925399559809239357257472700854186520233567118195412649320681715064004883405535235763696020520713995850765644041864817775591781834882633920789012562260254965746720470285800420682653686172232233355980818498505602106625053452838504298190824147033482658847581838816930666590860877374868910846986771970e-3594
-6.4836412657715479551695966633228204652362643024817671414871675966586520225381583328355211603799862435329606099918206545874807783448579610021728886107362283785997680127411827493740617412487798975838599173103543477493428215880507481764306830789492593998212469795050669437835915828808339414889504679131822251248770104409982514095442334080541540696165083756747367400401523171209319309332348790272412812421142107370568091300952298871505004271150800110865183906290332454573305077294318302204009147176066424540683203119241336490643783014383251966115586207314e-3844
-6.4836412657715481143682603912975953569730272788085336871791719131752816119118458125109306290494407327198440664013077269239259689628636973681372190712544270936507800116035768536549271262869179647458709950273211823206903836060958953882012520476890757941343868031731477707446592511690302904569088483426986248913184036385194886509420554091730124370212043316077188617548876896532999045493106357134680579394507332849817876524441177501298224993253798507762408724018136497731924312340509710387553126945972756537424626073499293695285358433963935775087250021928e-4094
-6.4836412657715481302881267640950732716091984677269106743831223851424507806025649583810631202991063365750279198065006127622450598300582101970058757056353898502945002432931178241907321940836456907591924814783071118430850568930496253861879062699793645617627589555715917208854650980386058727534666905084449267901072603566304195489217277845373648269392633151239125954865104548717583399550745354791511591558384210338927558072713367628998996761169381427016984047633362945185683130341536876640797085186812005067904344548389052584244403287363132828309960572084e-4344
-6.4836412657715481318801134013748210673274405355316054899679754011740080665561050362994065470221792410203634782838507589916807077208371151661071619514353708118224757076017263259626433933710970504352705346192838903109930156789638023265361782962094984874897266097362159843923501731345758691964747193962427791092295520087694910430776290761317071796404893659535399420754684573100015803789709068475131422735296122120899119250865039066821784361127602037602807639201752987656938216360967452984917321485809990066853491602177180852766700926512745909208662210720e-4594
-6.4836412657715481320393120651027958469418109918012035428086433929339438871502538521479778361725468940512817655979740729910845430259745365311471552823245532014467610926867230983625836726868121530788128862685782148392756824766160385951971585042261708785912630340386741718579570710216307713141420539851615223968075443009865851426264192346055546764803618198535681329236139675749150114308147308256713279480455125675507236334978127904584436370690696743730178862596323861964652612829949118224269114764066700237519375415166540930796537318011587493512793667101e-4844
-6.4836412657715481320552319314755933249036734999230546338056455571219737018182647282590021653389606207563483324153269734958423187375578779359199807152774756852303114794299835574142283754893826798865500635977258888039281588686227085594904732484588816926126309005458763959541777151068933957938899380324195300057803245451617549911642248571179735492637839174289396768755736978094257696760448723104666475962114163854865354106269944542157745807426777395779789917342438400181992879994682573562260572312010363362461622779303608267951085199148594048492828400505e-5094
-6.4836412657715481320568239181128730726998640053601886557624752407290075140428404138714437877296166273293582935268821403464396873954174346265325778083100649130636234752489198264806920783963546623296635419114486554658494479279092200707579014907703705261459037559110897211656386248931470248439869781565089482460362982704141410061933574448001600360481042596276358993861040195106905346448178648277745080755795904496282725449460138877289877763517607059181767606064613343447077135295006365430571538091211304401709174223278018491839479365574228200369750030152e-5344
-6.4836412657715481320569831167766010474794830984501515470867295038751313140413074170537583825726579466175509055814971128724869299790027566474641316251800878063129398175910829901572237401547787276523229381469554661657231801048638582870212094736022940800723845009474812106554190352392137638954098104533553862367583582560920684640341779403755086278158745445435107808875754738270485416292600226111044916613500733546772919512794371108989758985968794373555293653317208775802111667774414481471697534762420238112596217070692581774988841388990728044129679767044e-5594
-6.4836412657715481320569990366429738449574450081846103311104406431377114363393826434068419035200302477121137151895125521350115296875433748517369604680987541461640157447845463552832900322060686245187775457043584364493938194148930802194908523409003984113319674426659125893634985635390673185564356005358845838757403768238294477698180287265854728292176034403387260635361462536529077999698336991305379138988826342209065856022663590409831059289569352493891339512985485544551517533160090367665392050777185592665114054893675996533726148168045589831135313283016e-5844
-6.4836412657715481320570006286296111247052411991623108344617246141934492395302829197341874176165448198428475805432272797071837898829684292790054752171257061213771571772534444979692698579916429905271730604669951479893180737908327762622429859813278572845848276784564533952560943601836005338890986572638971542106847206891471099199355478190553617015092890823215247665865613656377106010176891756401922739627860471562089835299758035792903473675546545111835339182049366399124116041248803884103848898435953799053254629307132635164458291092645697083090863984780e-6094
-6.4836412657715481320570007878282748526800208182601234310463421398703178178725219853722740292876041980996551271428644371826024689118513640968247479963677828896568036555485268753329424282433757251089058083013341679235280566581494820633176265994848808879720377530414984194576226833831646439776251777197872137229513818629346605133814755324727909771802087468155570265077254980957739602252181263555679313906379521545325840082889929198776876622865306664230856156129648128063585499044769045709938958003853487544923843260613126131043018516867619817678778883275e-6344
-6.4836412657715481320570008037481412254774987801699051161672987837237176236870909204266046427459656055834930639640982890967396955292556838336609583650475140021346764076171951293109356738195462341178901070929849807317681716527339872084607256426811345634103559550924153880268548036958896861732177618624642814232822439230585822976530895003497679364854765242706234269792735502134241713521646709064815071987267619142263598453667697608680251178673846210354212856171971322352874564223633944270990527154136564850988808638008029547923218711871913029810976101886e-6594
-3.5835555211238268813333131594206109411517179319087937765909505392364743263907292975698684021174960999330431136278895410769278744467252764146473726805765395313533516715481251241364399275563975765225074095253350141713540210105277450994394184431128124077556468673342969744198271484619679899179672530578886882616593207337671364147084319387579265133131701848725491904391297914738757482927528258236235332064978517386085393816502942653089029919807300942140033859758863873063339286249745635928608077786962751994838460493228844843455272702356871465346270779638e-919
-1.9807097961207145480362064276249649154013349299643904169455693809106252488693193710443582629294077610557718103944421924532886201841410739681775231446360399109603838856742216498392804118270430849898968661769968463691009383524538092193037690310643372871632262794821817090437174525681115524440496342695496612719411548841335352272946250404311600325301400594504845944738651548890991748754771307004437895921996302699754470389967085221249183052049911984915325074793591763452495757224914621912594809475011662356869572978998796193251205764621235490922482951697e-1244
