-1.4122734154773585611503579213775769073506681883019676243221284312773092312784330400424006779197534313579458600139167801672756926664836334374115761269198022182922620578077158811722576197821150506131290684843496409240887204825128000533298248733013694369574930254843411533282499153684981550521654868534807822312322119553106922885292610624889633321558024436437116471052251933615202995757849448025916866708104123499393448319347149599822381497187765647434039224084206886846792079926650883095824918879231202112005626265634810909184356166285033490685600066356e+123
2.2146511518449701009141329047878712301473959178597058611249074893616592734682042404030229569441609823955848558648485162249831657633927952193105455997300174088671290086338271558580871298232200228951070202859129851118896656798532157441389953599969049838997697525905877130203026985249395750301234165569836625578614926682771465262203273398008031279859921070527025633381951568101016542159793286839376804947376198507898136760723828886109622995252497592778790476218125736299043977463530863601451609822994952236509031666122894746139854956465004449755901130578e+36
7.4830876056851399408237626532251462037892583656574090337679526487640703596354329046334551104293235527486363427023168618186129325671053573098016330905992401895996278185537248338580340348847638681235288295477670232829975522591715682268009168407984126480155033780062503409598214026348127515294095777517743666077866092023168704526986812091792613448867491121423813542152364684479749667931519899022146402793196091346267835588856159573114253609549680381433150590217375712846710898902258018878130565321396481611736428825480829790641528188200999894577652489720e+14
5.9948881918286477648524314497003422410640264906966716559719077230070917326678778270364705896637960527812052266611268311125328783437073685064953668769855684612737441495654788404638711763279204955026309407278128193371977742156755676208437584064475414219640767648971836159639064068889020381024909877911054776991671902307721809712959883314294406434356597005422511304968784075991666156435613760720261922634220858886376792842473756372888164932905621959491189706886849210233339223317496000109731677913012787506115446705312937449646142223921422265607579574396e+04
2.4580877847480772482466599335367162719352548410611502814517200238366231727012947068214655469656093005108100083819112030451356737853629652482522292643493543263178724560121796158598103616023714110531419059033094787596261654617323728864940566449307220203023772471745092949997828856587510775212300268183846404687928993942418088294903678514541826586972777571458963397508198684986618795995241158153017396203879181399944742490752191160086040120774932994697288533799435244594302875820563716910809921129941879658294211493528960331532604668864076380734533659152e+00
-2.6975513315045292239232870450799180856136549850164831900947855631919954796552412480959968337458937005756412420207121259037646520216839432940574518558849401149936800370492160216429907495248011500777827394652044451949787319834312431349508150079164076268288946457976811516264589663894840999815928092409757397663698086683508059747336863643616636199540543409928432720871108953516005512151582661606620860217999709885305183709807104610751341884435245449318010006946643481676900363827861198469427258120557160480761126766596488882632917403457566019630057931216e-02
-5.5423449381674397125224984258598791086385626800129279214838237789049365932083632573009565759121175689196527773082276070589452125467520540003455594921176220736326379884416726518363328143575069910044006548807603484033397249059944751948967154890087178061223740560915751635797972865075106795648142208961919432441665802820718806774776253162491688995342023039657877229354919755834962937811335573151227924389346359775967298304561968424831599304220388802080240339424998257029110035321008703588719676172955398044825868426728507301553886992429723947873531808482e-03
1.1617656704379399706893692470142254656858749067630982024006967712070236495527481458417457165341015842109781876567257577947583900126422608652876496926883780081230156673419151485317930817218475798390946039996036073017737198565158404381264611914936432956412273414670978859265738584727395344705925419806031247894785665200966261601392108337873821928621519869052204279442794781556468092894722618139039786775422834124979201319983241036812957786274157491022280039074706899588165172266577494335351400724052242253508161890394930663252412486402333963648452581772e-02
1.3353412823811067919048048086405342440732104452498867307102809976872125889262122673576491873188636372729028772581661028538046505064961632323764180124660416759659679288414368695162613645811474378708285234996747299929709803304614349171694620091554136544828181860757938496317140472125292984350231365705939627881146336359160852948899810231071974268759580801915520097620290675692825128032388614906992836182192908290401290906494409911213971841267789191273846358839839413213092335842241505928164955219643351613945585001853219003625715136564505438779346296128e-02
1.3526932573381518584401495667226560565867822705959096167085854309073325200984026380633230137316134867326597322140985192756003825952472199513980866677307087820527877929499889587529964723548712265937772270248832163840452707084642174803624400465826427019884411867658085114368488000456400245441133518126787687284505704530037233145197686536521842978915616364589372478554961820096344786093362424646950710012952142895234357155307520488055842466159802178101501892656920527783227735554301256541343525890229810133288319530080879052337304304157471984112186725251e-02
1.3544283720514211256452867048673987772752105741921799175927410702901686291987042153388417301429089717151449043548572441963983789555579770868131297831341893505902710565845708534258960617064694417299225183375824633688250214440200518140049489843355996654456529889784489876272141455765669149454250928202582700778072964395476218663350475876670322706651818997086834459265116959936642073496176398727808803228923957606218023106378211867032615366158334783962219190719488868610628926546173506832846410928392754188907670177562094379078061097737232781768178886240e-02
1.3546018826678418736337885721375328928215532242000886089508258612640450593884691096248315724362203002402551401433406435945470329808651781526407233904544844152234170448462355540012590828120686259560863578294753397198513971099099988001091127694770242297598634575427116167869614427937844388902741214193522169637073201423041527898364531508997459173352632191604868853946053120321461056743218287504049677777065816776052816869329611203093385608478837377230947335152643006285577048462867836079234049083494611711596230994707463027856013667893500376958918665086e-02
1.3546192337209077886022894601112882425660112626197347496355555835246580391542244243184152709647485611753955955440340848990935335374677131033799690119412129071054630617202394148772620485388709540114284644787290678638022504375817743594450346977802804401798198955467152422896066115335397967677219935127529797513026066109465790602553723135275583644405102289055080612743470566542076326449758586144361604329553593178723318007461910549084977129094470023256248601140611018776701833804696003197204508847035747238679282609818259509197422097267724069999574211240e-02
1.3546209688261285914011709539266145393835890220843625094872427536917098622536890309450939316418176603763374528532518408345973564716063308639693614047985367777965263805992775247352744340343819975143941733794626686162319416014508262915564636832644230509790879813276653544271188032135973306612637992540959119194946031898664270196918961127704964833211107884857515303989292077303669024484858194238592291779547677152816036706881432344085808261715962906979603891032404685824732889401746074343333613106699520623438661043141372808718503737902085611594298093589e-02
1.3546211423366498137669795900450137001133488980030923683122735863749577515866006899438231865596344878737537495955985886870808129666052185450576938696659156429313193838823466950754440407904424823853755702832799521893583702219012165012846780677674025275590743903471051447723794191205713899707317141063540226124528299753895168754707757522766414851053758618582296526695635185246917622970042281821300596732190082175236043484535535860690569111847124999405233726093946920432680541579860398017759330681536995042484799502136109655577285732921228428591285868918e-02
1.3546211596877019274243925586806877963033257018326069631640181793298278199176077102666857478547211785323589824688625265406535587272578730319725854609703839586616693800567554208712387551825167578207475449780631175680137767526497230896849257118430671565003385908496971300431158937209763716520656226536625684605671314575618836220081247325380359376398818890648454300085778417028102092472636806178690402575832833976447845875805902391991877051984099001871957331813803111709484837107188886974971077569798919179799513894841203922690387289935500799902628218718e-02
1.3546211614228071387043421494946483911206745105735484998512371910440136728155791985601150582650883163524421251417615389545529617002496067355666612150956927086558108320021533361450515680802965743554283157505285047322267860966961355487274700198905064899830744322735566610321481769948507109794801893259065807698927740885745056798315836573635765001762742296698864901437326620292164465388895131908444553603029456804313988136213314884344560585537979673661866893730791012195483267080810291041105104419579795460423589032460679992059958777814667001603492050499e-02
1.3546211615963176598314791914884485371355783172742604376217351774048999757677618992839336607003499917024810534254473290597295969346939286395487993798205614938543317971170567067922216099380665112372696480246991999968844385695314539415386186005821793686229790551125273701323635191672014815103103831698767306955490898594519820596801680448156503412879290418160509628344955994730481112049898906265954597610291994625794343204485132840889255571433437630468707103064514310348368078390630615226172860289798848686624972247276074499803706517414164689709135688565e-02
1.3546211616136687119441843165169254927570653514404427603718730955813341305348609948311475525190529293123622781110343926275735129164933785265311377694148228976299515438147154087876487832886811471181685522618608945467059504911114008966515653774499906514000575009119595195902277282741722007869685691209708203794204449605351972129518165637874286568105260117432416787663825607094988863306162004626380595016362371899148673944419312627473030110626061622952492050152925176711525564037138319053764918346279952950400722828277654992286473082498118733722589812782e-02
1.3546211616154038171554547432280641306295686847341422786753649302035559877914146568560758569679025191123161410413464705008196062247357584903325961221264663599933886267796801642762069937578471382709842805870114757599269222742111524825537696123647561455249141807501725314268608451066070558125730929723624357001253745772665646967726377493832945271487064656065153847513440716649548314366798095297442792754840560018198301699882978716339274226895629542418012737383348657710913895185701027082362125090955924723906514930136284286653446863972131914083518282336e-02
1.3546211616155773276765817850412609038128227190254629517737123656667295361860000271614220543800351236812906209421638461764668220275067280587362703752975499832795647798687450843779620575527435021656640131306174152970366860239855617865458683462078692039994480396857242255809170741839465651788341217627227829196599705312731496021405015628190160385376145174951639011313305111896277517343382716435372236690264045261387269974739843138979260047297858416772253641094649682880762844292626534745690169922905762187036392250520348835913724369160660223860156702212e-02
1.3546211616155946787286944892140014102250810596188776899834581026366994615837243601766146859872975226267621637308332591936413286470865038311071794434856385805200355825458637194732167339281123355026138212001620864585323390018043945319409993429592296556280302709489336148812653555068002590660187633321553407651838231878320846728153497082265099715384734069335009643330714082628293108326979606735495297625326665826979489870605422759361620071227633091662960261327409735709401529472060145909076234397751000555090803536982944325690285341520138045240354351973e-02
1.3546211616155964138339057596311896691572461959500166536754968996085794261913634899122036490536195156966010665699276925075544615487919315455380696004511498034262742081855184362818294118499196703615085158047408222798291269354594253696541472236257613651889544055704797353164209944728937265720006087072555582893635712581748058646189642650648022549270707530765867044157387488444777007029895340179984093967761088070538230366372577884827901860096984239654553238606351178802193444997978855337470320405761217012214266612267434125178599437169932412411543223868e-02
1.3546211616155965873444268866729076371333721025787486796065733244400898730954617913060691646404335384352809127808964577643087331752859405243203835160386509108149292883380640532359324640929210209975048677156670918467233217080637698828954319119436101491268056476397169531481293322593968497390838080437434075313819398481577184294684927889983436394023377325914081254246174345663465601153795831566421321433185422989359019544941896996113609036990942334555777001683014043811052291208741653713176111283629138528601967300709198653262372737741404427867786605504e-02
1.3546211616155966046954789993770794253518137871715509636499628542612645392084552100238782104222789362392933253583030133072153071089101851576957517421906140573653079151942266599868863655842082071588766924790295100748246743200042358755768702917483434042740936103510656086319596476764664460114000369703273743866507325731826596311370289240421455631152027052367309312846800790643954862304173702098538661223725613899712541186980256172256887057802653020166637156535267721967864263023455153909926077547374199171843362512761808483136592914098367100123762455677e-02
1.3546211616155966064305842106474966040878662465701304557689592892786473003132282807846311259340656673594046560498497501267912649693730993640261831932751089035475602436639905832167283489745233126127398880714941326302734162791270405286578552777873114406410209838786188811703261620481312008517880352626022315084130263649021112892336301023968181279607576124641176475568475365879783669189088937872992022893531138667214563719003048173356888766477854308999307908734839042010986222707178648460452062735498347445513427514883006121901387764830526785366750615881e-02
1.3546211616155966066040947317745383219606135754193813975909056622639001142647078060168751707001302382489284824329709415099475747233983881926301848175363904447304556081793672341520108138375570057712740533528580937315421680827359972431651567424553030520779626218217592333901814562260696431799578553737909421218408541403184690231095618852008999923251427603709743862217693494471553592544484390972474187614339024487955170932796540390132566705879405721795640806592338292257765684146979748442650911988174924455520674937086994495682304728491945233111414010809e-02
1.3546211616155966066214457838872424937478797291334004216991736670119237029231456270258259693264826890637643188193975232161434497223050592046992880963708818988320878523587233924077139526013442959450731889684846787954647220450830978817487587681937367752375771082869721137495044810552385835931537540996497149478740017994982633268904415398128965956134458856765627493023273634017458634585111003868712002126846098957596307459593440564679450680790273531760926900034699419228949472587961424139551338516932080996007354097155566797149176431531214981791743907691e-02
-5.0446799540803585375850641937654233403295042757795043316328826886197125616251148591239172177962789774542864274557513854187270112432530950249284080460761992984821063649723084286617723721978011726320972912122698118513213201056797169101393180652027631907538805873745900717713092795482725248147764885277655221834590862219906453438286085142552318748821701310490455309831027152817972897672680527809956632391416414115086243368929679249230138179521277581062558136289370715502163587190112258914542893263644978451837801427586642257820057425157673008911914903233e-01
-3.1164946065465398825051376285739213081202148130922776921770890016607549221782146438959910751067221487033518245123472831684838578591687282248268993147853542089157001250161486611428699302551181822295279390737735706851267551847205889887947674392844396772413809173318049908527889415932300585375180291959916449113736299876748545674578832509874812246629116635621213147167978824805320150321896833574544139166542740780609701193924526896474836138100840766076089547404592105287205792732725550374857902123578953341806034050891584941213787861624073872118421710517e-02
