-1.2576106543392047009856004807134060883197900471412749830068559487789806934982059289369017053360515833448361963723459020468393634782207926342992463991436772627646886580788321219380933379489416982543296329244754674465863598165475244487051798685329098014536595269375224981583242713067355100990798004262994055269186359430563832047707247031578056769800308309246690331860269270272388918093281856877265361838478787253746502929691939637852621994729796149039202190127207983875292678656609262828386409754982061687134448327921403629891147277240114766413409999007e+78
4.0572011056562828574313175025230273120550900094086307217845590055781092630754189797893614036464493547058496843413470108514026556970187678184246531189438951363560527506898979970883926308739184070692430422274990280862718760140523119988073363238160531557000556223656414720428547854041728696464758932025528248740441632083658596572094990848802332406132049144240763266707176928644068499837388304737184775252520470816436779210625518527660180971078657374690601373388278147959679734085215518603982891032395683511743349193432495702953262620054183183704733200944e+33
-8.8527202579140706770111668277783279000064093912196099538041774036732649991431298420892072930759021512696926443048021238428897135744168985922053163423919000211507885285124395966536638161455807250592950564592509597629547329729860235522444146970893239241272418407694125896319195353609888628811212551574220386172276914807412238171367005907780748267871953403946839337762511762829076666707650911107341246483207541363193186824777801253085681528491287278307802358025615276012706784454457292552265147612764175569498348464578044004490826904016632944548163694999e+12
-5.7120048863656769643125546594963110685854663641574901515417017879946655693415704648793195221052400456167591627666836554633717247157408404774737523409481772122543489431719685330143290479340848073497699796722001380996556818885866006555998624766868952218638976101065819595389285176030208238406912805052514916197600387646222369530143732718642925834405271493847457311889574815266954677772130084254119408763584974985937730708808556718471166081024435394097649801361326545375939611979460272525720950043409582535508906417766359703201104504367645036479186422998e+03
6.9359163195701987801171689765264755467396436915324318757343402888269264254486314826478420544054663674331170529409116498147153156740989802704320952260295582035198306715439173016298288524826613378159525821522140913623137190900457353560911124802655375770154428364303131915911286001835091792402481122129279195932671738119837280943504254448001015232944767471249857054374964003308209601480611596164329805969177801417072973545807000217587167106187593099087314058860135421446468743081924571812943998977899253577701850344368285457007225088688988939828542839128e-01
5.4732504543846891951469911803472474680654682540774922191788835080824218924697556300498336168981645063365624277529320092173550241229714414230882765787263118196308052070323916100654049665803252210104762442894012274371187639635665450543422085928131642202022139921629832229009234226624474640033226581554382050887934290595765034395604683151713312656620953293485651942853760314968005678331366783772788832152302828549578303731589143295837059846399501953463046555439355301067770625360602654579659929613708972920714258053483347651148985118837449957938180528649e-03
-2.7161761252196454269036852415455943168999114923122308090300408484975444998266855433095639219753924764964761085082864918856077479972678198627592157310320498046012360084855275669028529077126613766323111972657033705678676877348712219644103088165492473558736050065450899389806060294650353128999632462593493833670414106783466415477266941371466274982564018549803108376694654485646952247651210971877716311804647681998106740686653635628357248157918728780261252969438745355138379545622728470160690590988223885313200938373008392002081600606558311906169766048559e-01
-2.8447945999775249954515187944270212045627570264900154649761770249034332454679091481565873089669566618531484191236149222746728413575304070973909210585502370189765113010861236530020670415707232446041486576271154286105417757564867081722563467513465711443017374023178916206741352665240358862653815075793600623956132604434367461138198129521766930972334987270203565635584474228563174323165240439966304907773522000081221053681745809039244141223508419629076912075506305696406216881594932482254524471741012840253502435383028764483279361165240547064092054224201e-01
-2.8547440776470608737997783617511156774694519826442723884228841186185874187163599407892383753612780838040821241497719893250150964215070968250755940572678840732241828627395669407128010253246111558362105532843040776452266764834223862900043965240980094560524347053799775740728727637141460483945298532119937721510006991827772307315586943198305568572312276214929184252809599154130033922555871443460081411421175968754009731989047692279864124266135435614828344583063214129890531203923820791502090629654733390374359093866179748184692742610236526001954601492724e-01
-2.8557081317727890530159466645026973259182882478168414474804859867105212601610823595574759340074913615914740764195248966326809106432381397583191468160549415497559567814834380108494879672557620094631019126685678953591136838596569270569278769953285793513145193855413916544531040679235531608724215468302752532782938615504152246140399430425787145626391191799007627665602938982418812207713545877531084179999534800529817267942365408733791665917349861547332469579113111101541773677516374440462438341947603798140073778227870586440127282276713378172719795258259e-01
-2.8558042264408828400098764392718647269892126448809962353044774326678108418608661222765085105933038274180282267106267211915795381931872151335042567824749260989928153761407056154705904360039190003909062968205354629527679034637747112202750023946980122789088112475513672113246148806036834851306698183407409756600011452414559724792943255945856523513127122698367424811614275299048999901827593410956593394536932550982201772548689356166987953072316573429312071450637651330874228659473125513465058701418782817595778495446597249252211812885404882928210575549711e-01
-2.8558138327984355078028524618296468733063792336846593206211151594065123167492309989618926883655618426943939963736011901004612231112176946009793734383286296356217429660697060808373414986759548307428618169807691473316554856889202747317479461458049391207303451575155676257870842733076530766150479892543290972770365598195469537582098114215766857155587968364088842479327429429494768277748644447601840435299922851154079843097174019987195782065636745008240538374185291491413458320837555556811467844897543121910551068165011953686408613439526542248928705470393e-01
-2.8558147934030963951666895134800191864139440508736073409222630659480311875527363152642359830257354621532251642536161046112290518985017676086825524798672496139040945115728029821684850604524326252622857246666681548250444406429932048045581640818328403581275056686140063328634746120728563757898164148763774766021768169663291519497312659802508547145574497224380503118256204965311588264248668197434657166377389991955695350868669666821878720610767708513597555869582852135505219576367333019779601975781008733455403335512363623175717149000503253402012932392580e-01
-2.8558148894632515382965736326591052597986785642991999094909717029040208677628335974848674621741930106395326687219366619324519159740256510046817113231353642974582723264986532380767391877449388566714252632859871210894455796087189148218191166696861637859177230024397154243379939521314940848388188471193438966078019412450080994034079818135801782755046666061389678329352138481643380365846632846939819943168875885925227217982601374019545740122717069634224496000984676550604869272837643619972217402182566848823524380774370554886703127879634602180970595113324e-01
-2.8558148990692639431516846998782228242999365908578794245959441795579196291741632592781988839899595304203329477780096572063012526584842140982630745822018994194738893488864708528444639877132750071949989344549727970510694164280269451096029910304835827092447398118082947030627172548251979690812528538108928795977625755437810747271602410201143139245494750483902244896820053401166105952018703168094063514364480915273993919263573654874373032793734864017915483512586941957609095841998194914325160000384554630010311529251434609605893548336787223714141276119228e-01
-2.8558149000298651525426152208039218932095130398083132204540837521641543966552399195803935235937467085252456676116061636753356540153360871560492526543783393194872196639170530007663115600392894526516961230336391986879921398838258630059390010294741679288556832693401956411418391530220573251293444050442445244311658922453791474798724418325312878405768440249359667537160481304539015852355590663886234897414645817205913947275622865362311991726116571559403375129438771153852046649099450566458308799898457245498420456528250833664473171849405405660192534608591e-01
-2.8558149001259252731707624652261804098633907470063875818993904135521914355107684139422014583402216184009136153831248347657445043484090970888733305418233880396890709121059868809645208949725901543244340300111513748280598154280651219299867939855326057953684362800839539609131258143951720034960359500716797685483070606107206942649588167038057011626938972639357259351440906901864639315871500628969919725105355311558915181728635831467823148074455922795905251723210959303017926431248973405422194701066582187817644657517543415792557739944343978577795555362987e-01
-2.8558149001355312852304677315898907983591875876366190045257590591402486473545039902519042684038375619856721691266149238593727560824572624367115487058800395888957697511298434278775870073336095558224467633478816077608985345456552054724172167244403249305481979086735186760522512701526706196164207616069640082867954599763038639981031860955189601467550142947472052518639894823022047156537898044567873808262832318154579590248106644665005907791947547481675010532787374961980759130808066024101685900388074404737780318166243093278403246458976179581508849138013e-01
-2.8558149001364918864364071636454748702278037564224065181853793750130295871754966106644315538719396081766920834309196270229471773738334278371290009988774398017104583039515579273225994703430446170256206714935502082835138410535551863692959353383052389281533832215581662094071042893194778748045308864337588420073670560555031326872999793104653380271187775320235117540187820853899978205010275090145438090135816411286335532992557291920124831833516825942252366895930394310120033138509877297718196239300382176716267544280968870058887811915504953190790972819050e-01
-2.8558149001365879465570007959052254059325064705036520106664539200436375254592060611921575694090326907433562125450236187436530180395079775207707482224767156607850706829767550764594899814441712602082870438632916298458308394596919159436791479999756949657779979416987617855624366154776804255855748126831683433722840555580134823361495646079555205848488963749613759492436648410747978622524801437729974540056088901394168227804558679161364183986716180005876482128106374975010067882901672276877269966811344910091057909060870139390355889856540041262227104908779e-01
-2.8558149001365975525690601560217423807863428036161548079668405616610844304889384737851735441451987780439411595097712306122403501391020247389502904991456033174860715987956599303313895534809252529319282586195338888753036528733603962096598900560861770199491909015439927889092822199111940496572157980339484798785084182501460213600357156944216622418621435944601244013740626431552272406223922987106461311039338034375618253036028302526247658080199235618482022406615597643361333866682754616777599775039647021738054709114007750040750279627724068262381920974584e-01
-2.8558149001365985131702660920022994974845582851951812213721975184474655335465037172345684919715298096424210116235550595412384601986619869934457725745176090656050027808551616177669256051781555066798347862194597149064937109055309520325012269998556812345698430211078086863601562054267365095134662219136145195158625336728890740131180641662848496418747005105918688733320756837640702556381818319001890157258100863915556558457320413109681675298157694561414834526724191718925022612234150348823576882055617000291074223126736771072163582037466874389521452809361e-01
-2.8558149001365986092303866856000442633465081500234123564006426079903726476140753975246961507661297188375288537767770650592184560980793086131308945323743508099657262147821603946932274499981850346240149546834092427929538469105998272972282369558170913974918372191638145569425212160921692854102699060502394008329401963307960178720401494786938558448797393189867920985885980984818540522262351406355115987146497526220628999771093624126664736156879315974439007539424530065112641132006683924265243062177309601282505217944534804076856165215301335101187403227000e-01
-2.8558149001365986188363987449598156304746244196711264055727173632357877986127537186515929757128047197233757605320453096361374435032336880058427702396943337802152504987462805659794488764025480592319694210731006759736429452794943736703214376521237650690392176331065340426462930309516029584417176827385572184100875182973011456687780022357435618318257840549315188604604764862536596007753982238092903534282883996071734346840875278861392319254908600480467821957056343223752926113262738967302494617099523930299443114515961292831392339528390680102293633871612e-01
-2.8558149001365986197969999508957927360928552594675449074973494923752071942307865315525265494177179164882980432041992337104194883385455226579672830472750155356019266323790827478982484634289042584373339605045891345994119914846414799598142015387859865102718366634952816382602166595605031299960061964295227511904924857917739776435448832432480286290302931765691818207181340963649499333956045625569035892065974021466092009609871517598528187633953607294133712732076175722831935406072144897687498712845717733974702346250328056584053105621214079402330268366088e-01
-2.8558149001365986198930600714893904463437325355755032268475376841764498406493309775663810083764510125885455112253320986324950088820959748250341720303229144627334059628919005626166986446465656622230583429497530608158641593304902181793952296098612284598852977153167615123109477821670189650755421174749198221430918232453191065386372174237571250013418578570000416371124549175016485827642274743642137525417739855930748822674396494387053133032554290096142223913108852607700618005270844863653817141607584184011922794334547368721887741644762332078236358288276e-01
-2.8558149001365986199026660835487502173657108051075822234723214038777982642839459370568346060488950680121684940911739537609600002346369033317682382507263110084600668586895005455392277692875356651143014545280358549327627877820297753789459866965099811107361451323732921221419142111488472357578969630172897378148770671945746346176142766131764725235793582508616855894140783003280598918134961783961979430571551569072582748736444887435242114789891441482789704991499749453914671539961058414019608165141060404184450736935958081383506956545833129755277228513751e-01
-2.8558149001365986199036266847546861944678775374800029547816956125038776993892588454123851693408752530559566789177420501169384257457924808480092736878933421415744934364695801495350700361923661167429269514445093710513356369197376595123714268579580531406147477001796513570227325644591992441993618811561372556174291261433824920278387915593042406865654354616231793855188923297404149941061289605078935461064616101790651677484985689392177859887796676693859157223194162712167448208225706707390168492644022392409416766417300533659863313125458030442871087014021e-01
-2.2911913512460102493586714169397389192304814626747623631391080823608831658141168181601660902795916046975021424186930253414893616810376804726279726013007873744232938120937624817002902332398993052359438625353970595301669189632781695577820632010699971877744439140720217619038886905880067698237522924165857279945921749070304458296636756279838900622223683697005465247439413112051847075915341920924105756833058302300195419704997690250422651564883334495639985581240048160245728665373384456956210247590599975987029254402312113599809269198387715873953476425800e-01
-2.4010311582086755163078595013574391874669966394108064790292698556887091898139088822283848145719070865513301451754630886063517332103951152147238640660606015545576981225935176223582993522343568863903299209243042596490215758930960124646541407664731166411567173880219205730400014031593198608421572472632673166875398888628351480768099238785537030788862748410759160922268801520376484374391829127455312886935905403450051204936489994511101045381406979926625874810836249367201888956184680452012757729137018527064834398538823545662354917092230823985587659516050e-01
