3.3511067024444020357738180517949325290803721526357192759332184700430980714032718769543717752022456014e-02
2.0040527645580562928771158157767954602786980666886145135960375351742534875766554482099125131168495429e-02
2.2698330306869158557648933590531053717146887766590770004466946159455841268233506812540816951888816172e-02
3.6241835175369934544736419715113638348979717700725081780978503609953322936057244518482259254499564785e-02
7.1983723959910084628606366110062934470349577988664687940243249833477026211740489284753722078913200827e-02
1.6556174658728250557853477466486351811260248731777761193997624111591247246686858180855279878537787899e-01
4.2035282287575537273521998430045058153552510711222224538229994653957733255286994217675604418785482597e-01
1.1372770615917080770209797165355460354869501149982833123262971284395100201136466449162965506150153953e+00
3.1879476630248332468254844437018204140611707138206129668841865919748148588062423682414853110416400078e+00
9.0401469971808782164648384080032640173811799898458240408051142904220818591437909051860472118615622964e+00
2.5379792799317022733401015810805750371168900805113050885042065371753524468045454594119229668079000693e+01
6.9096524037027832212995613469996177419588528098684156210396362658201401245111356793841207092317459122e+01
1.7860945345633236813673745472852109950328092390255497243025079608586439205211567079416442974589371760e+02
4.2840986112082134760627818470106119145903104617874106466298740835069089788171851903434697995443901801e+02
9.2840144446793781620958404912843924122708336268977715087284928467078692066199574677018781191154409527e+02
1.7581949020599126596481777328317296189635230596353890876845868090685385517563312066783091484188405030e+03
2.7810743064699583232009959432699537123903919706072797652365198808707875272778946769260557517729245604e+03
3.4315689716952988999124620405976807438723742989094731449984598144266711371843369892789215340157481021e+03
2.9262963942016004857624141482669558146053609477428107244198666421182072193412707057749904170669005928e+03
1.2897105112825617370493556122234729264156956763704592492298349607844480025749741680798900199405074960e+03
