1.9444321651672217531798561528150852120796701870273005378660916247386760784085887208485460400687622946e-12
1.9443214537590957444557369747688915356603021443344990134210275641811227170018845169990369368551179720e-10
1.9432167948555695718933162948982030220163379148793761830040361967390324196406711059074197778023269544e-08
1.9323569457828560334859570580377526001721621741075974400005352692013863633631224753093823687023289975e-06
1.8240917710948628109007760801981741539850889652871724237467256950234383098014283516389404083519030361e-04
1.2441329840429863889924592849580464468253065405377893208942826217812414917827235580026748450762594493e-02
4.6589607882901581946712568702750980268815469715765379502416803029630820139381733827772001177764468994e-01
1.0711337484704658840124535654094998655235942362586197035864478865108271415984776179603899785243334598e+01
1.8390580409581067373100428502082211035439966023168238485520482260320948478852237774399003699043864289e+02
2.6779816164200193124238600014554494111163600853409158947457713949713017223907025035637372887820880397e+03
3.5428662083033775806448288389205146837771974359719492307818541687923164066390623958477402916649162080e+04
4.4164852416863133723377754045699711145100473375115557471671123403400314573674672379815736403390638001e+05
5.2929369372265664641026050609209772503006464780743590829268709244776663906200541885585095127335985797e+06
6.1702932930015690507258216657853727788654895073272918204724157090988298646842273894578806384724253020e+07
7.0479368011312235102624293842642762763303720039775393221498908998810703784670393249540553139349205697e+08
7.9256712406299890232316412553394996052663383652917975168750050915721818892688834514170585544307293710e+09
8.8034344495808876200363180970495423872504849900713379247149243622115886882976789549475553862793352667e+10
9.6812067578588583571795915730129879627396783664696282305622169538283330844164976597740967534002751271e+11
1.0558981943777916922742516495536638358042668209897326419693109059427811978714887148739402535776869237e+13
1.1436758039706956280544343833537578344528783747838595954117834476250634034371028578130145638505529944e+14
1.2314534423408600400629195440219768651625605910626407533586280577449306240989337779000552782593060197e+15
1.3192310898112169060328741541018375563697543178204572439925864714144632537738258944704466620483440771e+16
1.4070087401593098528549341800277422781563218415203148336783984666062376093855722757732162701490325148e+17
1.4947863914174231252586338467302092373030847109467316870677111867280316724895564108321226896903705034e+18
1.5825640429633101214523507426128046719879020035355460252879142493143406768128995369898078205003714474e+19
1.6703416946001991625433380415994023232731077379703177501684209688042628589310813312248426645422566304e+20
1.7581193462658655773241002853334883170172633363313691553683381271858681603913823688531125455306073720e+21
1.8458969979406321967333531493820717827347334477917762204257167722632190527873641063295192258047731530e+22
6.8637138738644557489461304405455977159531426004119509390490987367173583867334291198072159046723858608e-04
1.1821368695034134606577170773318432592707546798854377801011829958063981420210730963667327765028386947e-01
