2.1861618867714868563652912682267109459596012199242538656909211363536846504594718606723034276056684243e+17
5.2645634137081435628126267511262007157851242363942672138596782134142601010767782154065188498704797516e+08
2.1640527683178383876593208117706356372097910492480118332693330189330161396216091443512796161837497437e+03
-6.4691076548725268785683362447681869219269771126592707366099496112334420471039912099392605388880668014e+00
-2.5971418277791608720625848264478658437927439036920708128490124125256462452809250142755697047442133989e-01
1.3399649954374732774333103515626332468803021689541750742531813806525398287466350673997242676160085247e-01
1.3687958219510784110233981447742503789976861740327096801610211344979268391266058082523509460030084547e-01
1.9284796614678882621695471148248027388974898131691797385789211481582792401174043779406402574101421034e-01
2.6916962318274342098853381023813424143186152478312470538062747070581713086075195831521781308714039969e-01
3.5301475019914118379971155062707258271952623721680776624271659984762928021737623031654364201502157500e-01
4.3949848480044069544765291943493060505026329580610180832675060959823213183546182023696582809077397906e-01
5.2685991566468910135759404785658683752888317203461106123637981786313174330997779826959520683337561904e-01
6.1450503797115647681861291623314784987370959527773507744923268471551405696437760028724208717507504752e-01
7.0224066882389940794452076773777680481714730860502104521558842221359761546034771066662032625762512107e-01
7.9000501916438910580289051258287032986586095868015656641396137858593819360151719181363399823520238735e-01
8.7777846306701808213686609955695474197368396406736732890408693537568466478990418619908168117843541306e-01
9.6555478395738318431950505873931153362724752997031073060787407475906198609151369162677629382999048993e-01
1.0533320147847077822840341921870373334649356621618076173752728776618126048614610418284277816729178591e+00
1.1411095333765663912653467096080429561614319816189116826706310198826692921101105367553811900458591032e+00
1.2288871429694656022880314443908360377150643613976783642902087050468327909528228619080365205163896951e+00
1.3166647813396295418207668051419833269611316990875721724743998177618196447779258101984938947420966879e+00
1.4044424288099863605431464352299834275244227674025143315206490203758286463158435504075870512680751259e+00
1.4922200791580793026404489631567005560816246135512725199981900131808624534248270944229699048951628706e+00
1.5799977304161925745716728800592487405638011611055103414740972466082578579593829549841910529610600546e+00
1.6677753819620795707181422009618522976287433239659360846129218932749268131983262237672037400902050181e+00
1.7555530335989686118044047424504507611504273804524572430654182804169973456361563561306370419148529439e+00
1.8433306852646350265846945104347368361182154693689294745533347085441752200377632290205380536398809842e+00
1.9311083369394016459939001269083403099580486764683810810688212826537748637213260201313374892165549555e+00
4.1069496580866499775259405276274347000285577597240486055905302607335843411257425031932985438160603425e-02
1.2682989067685912500035056548389794165007615071922195572721300755355992096133628339052050226541968416e-01
