-1.1259124105250409630757604814777096804663419732918652448814962438515791607203344334244095697384255060e+29
-1.0861070126443802128618458355929385934748289967834371903482645884802378870771003297112945918268483888e+20
-7.8370834283294381860061276039362055566041992496606614990900125564002331226901039601209787312277254261e+10
-2.0926258656563555768527116468188144654190480038937772215629514016276842687238658168606215961435487153e+01
7.4276051190059554410145501347437993378091895368498594986627674108854244030140501967339010293800083880e-02
-2.4570474045138254851111119306123191476249091854276894059914534976829078395212335971556185277947834371e-02
2.2153115856320490088167918544525395866940416299581087959242681033285548869296961690099912014869856553e-04
3.5098340517204797719705855349461116876076370905091318457859667340394361722019197524829597853586277627e-03
3.8473845785429349613404911844049257962142036497945154658149361736364481182752029434863866609032738071e-03
3.8812274821405763663577206952517596950743004321187187660183648948640868642948914731494507393393592944e-03
3.8846126516599960599574574343687196738271401893175409872725964323162910780934492674890000458265620902e-03
3.8849511774041852828576551536229452388852050791961859367655161275378633397046816031162446227676092467e-03
3.8849850300665273284007307973668368764405057934265670082666648649265274921856565923526508607798898104e-03
3.8849884153336407648382885385583917630559756208967721520640873771966788436676438864889704837948345335e-03
3.8849887538603609008015275342602649402816493874966720223221267549932427795062852425430581296336578452e-03
3.8849887877130330023210469167661136256291109560414632409666902866816099858332334053320024324678265751e-03
3.8849887910983002133522308104967749439953161283489936543958389488394233462053043984101626234860450520e-03
3.8849887914368269344641415194252925601666028928901611325467688472397914811922681451158703848183582539e-03
3.8849887914706796065754205135136994873469146031192461465129447942072919514380455340008104905670068027e-03
3.8849887914740648737865492921544957323712974408531706655166710028172616164631424295831764458174798438e-03
3.8849887914744034005076621788108949123974499611300467403751426893685911507629186251620851642640507228e-03
3.8849887914744372531797734675644580259553030062426055575729975848983582031342767509101033659048675399e-03
3.8849887914744406384469845964406935692666406893354299877633875429271227981202494467158901657104123542e-03
3.8849887914744409769737057093283259159173299814311788361035060680024112604468934128788932742970394219e-03
3.8849887914744410108263778206170892385055944658786190357105650892872715255400070146821221876970800939e-03
3.8849887914744410142116450317459655716436528698757417094697212994770154755012258594705248337156121785e-03
3.8849887914744410145501717528588532049662510298309777633842721434129759343413265688703839052696219722e-03
3.8849887914744410145840244249701419682985987690220566066411142307555782143483859074543631766838435636e-03
-1.6047701587890698930828373422158843852575225716575165915049019546672491169688809174164823487724206399e-02
-4.9131228925686655551268650569232044799098367003493473035345903851716889067014992831020107914880121598e-03
