1.1259145043681363857625649487828835307012338877634502764899695264162401172832917388501884324192999205e+29
1.0861030498634521072779357129421145057540375459961320403781813216543820992192333449965782668090293091e+20
7.8370785257896772210710866010245443049828525261684203341151687124905547887814060757988932859885572889e+10
1.8333879347569032512504135472639146479251895479529746433722718163669178707527579424798898745292387917e+01
2.0755319053776913605169399761689500177809048679861769710419064805761516589079814016682051759600765275e-09
2.1025572937432648014449561889642058199622525179175215223081395451482542647038972019239118739326054848e-19
2.1052906000525772398036603016297989923856151003498846431534496564447058672258738664033328349861103816e-29
2.1055642412223836452582555934163176420883120874641910047395754960336970226930935343798124124225997423e-39
2.1055916084476391839982720837999106206199590322003153237134371814984071194577177530330464051180430331e-49
2.1055943452012503752148314757755930546579113424525290828997018374050997656990192436924733579760207817e-59
2.1055946188769223535984951500963205828923900689330337910046970105549828315748029046719772029434015572e-69
2.1055946462444926600323701991932929350384121207980506587228890295692205259591841413072980853714839686e-79
2.1055946489812497217617156795261684458972735516521143628747865933742259331894407777183975598185525030e-89
2.1055946492549254282455098102022945305805600023448361688055105715729568345461813124029515650754302944e-99
2.1055946492822929988969978190992241311578597402959790448725931414517493536316693152662952963985927418e-109
2.1055946492850297559621777059472131497434546377229411042683130669173608888417475474463569829240806162e-119
2.1055946492853034316686960054915950150758995521362201394595647939840039262314490835344099299877505449e-129
2.1055946492853307992393478385546290312467715045997102917549888714486419554073283316020359127369792913e-139
2.1055946492853335359964130218920183911602378630630563881083912751961003653543339905917889190035928889e-149
2.1055946492853338096721195402260681867345482934301677440138277738602943097248217107587134800228768548e-159
2.1055946492853338370396901920594762748878089744149752538425312661240698718285996793986730176574394745e-169
2.1055946492853338397764472572428171147890933388929398571745586726564510646271253203597957043046965455e-179
2.1055946492853338400501229637611511990900813583045311589198597593416314719090933282072329417388600159e-189
2.1055946492853338400774905344129846075232887560753282375113994582459278177911036496432760925744095044e-199
2.1055946492853338400802272914781679483666405818107043248547264126454906943131188249728320356886747459e-209
2.1055946492853338400805009671846862824509760752438248973839008408191450898435407601671879073989264002e-219
2.1055946492853338400805283347553381158594096276957327842747667009667361172508240401394891942373068105e-229
2.1055946492853338400805310715124032992002529829720095312602327711548003644768702378835242338303249961e-239
2.0414817005568677858240766897196952543490616824416504989386277317089240416489264016478048580355095287e-12
2.0073267526569515546981046885961295717290712791074615672154909129689318123626806925169195140350758379e-25
