-2.0938452788070572627007063077210315319258373876451243904191331147069455036689198349559264174524569348e+23
3.9627757344082303706397977319858896303358610188350436905760022090999877158299446601160047751360652489e+14
4.6916448473079856443333344622190532240202492193269733458731988115631228199153899176632070242113943743e+04
9.4080756198581449566068692534572760199344193411405503645847365658095901464132656982977990481424717702e+00
1.5628748623544416741828743937019788244326436857097708578184704426479853645571216230948204473415683408e-01
-1.7951736284351519256539755696892542824747072104785637006753275552433399783309859202971967948189635586e-02
2.0107179363769252365280557971791303337370014207105245503019337839252862245281821274586428357369150820e-03
4.6527762836502062081652891872230598664354265182940804387085522457765091612207707508978910903339440535e-03
4.9237574939079324487308515724268191232737520192719987686785041649367669695258584080408479983860195133e-03
4.9509236907304655799972354402898661339944897245430921332633058766531682417728712322065841457802541123e-03
4.9536409914932101863710999942587467586665458758256563034626013324567344617396716088182201527551598894e-03
4.9539127283806121318794967797627756270933215668161892664175598240077114105227294784591307249052657812e-03
4.9539399021374639238558104080164840668251574927978759564730307072321421886898834683606629134463293194e-03
4.9539426195138302193502737567188440374946592367912422431902193206134409350178036781570885727700456533e-03
4.9539428912514736600630109887424832644880733713791083932720323561986116228055887914957623294440711979e-03
4.9539429184252380722459179434936806781638698049242858847431879496343306904405386515229587053798888151e-03
4.9539429211426145141453249716068660543824250446685863972361093187926941760679351363863414563368638432e-03
4.9539429214143521583420768377448878256527797890387112430460593744326858656028300677758149760560876302e-03
4.9539429214415259227618201359919573576936002499694510336164417981596231733644904149255680817734576992e-03
4.9539429214442432992037951469329969847693974459222345899475281013806060150148937523477577503389097711e-03
4.9539429214445150368479926548382642742160168943161048619109769775656412561467708162953771603171074926e-03
4.9539429214445422106124124056969026364280695590207778030960082059691356546824750984104848184027911982e-03
4.9539429214445449279888543807834475889819487330124752563492240576895174754929227033715559136792844358e-03
4.9539429214445451997264985782921088954006633894871798805658875960640815494668196947670671025567206493e-03
4.9539429214445452269002629980429750941541681225254060143537673642594817666897823067557283087031887760e-03
4.9539429214445452296176394400180617147106349285031361847687947752174271455437747975843337473711507500e-03
4.9539429214445452298893770842155703767730927724276482773809824879546005629195727028496040034458014577e-03
4.9539429214445452299165508486353212429794066684533668773979084315220316882779755664571797996014534092e-03
3.0924421202332205297656263564195332455291155956335383789504680388661894535059449190204103722992134808e-03
-2.1221911508827058577121866650952147143797015204480311518683978232294008477116603136127551190438070366e-03
