-2.7775163132534552314185271545344129352345241509644821519586741371341291028407490376407185983551722837e+14
-7.0866060168641266505987329007641232129061621086219787191546998272971120744927391135405194224506401568e+06
-5.5103612316176472407853102511791461195330610704617704768462521184795392541963270124247117851173027515e+01
-3.4639542029651653641220341743428714780884045285584308632399104844156398096185943230369035487443549937e-01
3.0974735047975322811034957490408906542953197614113704953996277532028801775889606594393454186611149004e-02
-7.9032959373827689956011296677993606063276606427397665145932753109931242009128030500242951555090508215e-02
-9.2522223407146389293036980778351347923885325669248526959877660938276156489998845173357231942869048792e-02
-9.3897201635112923795845229663699458893538185541081599429000100737977472827403678588870069769013011677e-02
-9.4034961159383614667600867974143875996949820220719393920760852359580688368410632984817006659211081653e-02
-9.4048739730010294503680506617069267436959018839377987667442187065468375588125890980283703952478963558e-02
-9.4050117613256143629498592971506603105037238274050082539300390483775622306007578450852617618014176559e-02
-9.4050255401842561538553659332975446943856964929467861722851659780674172323458696112477842596408117294e-02
-9.4050269180703821660608951346433445786910610756523612121285287839906087583247721492104470731887898504e-02
-9.4050270558589973856127163454516762731148992729979877563601158001524748770610419285478321466947473169e-02
-9.4050270696378589337512112679445450437593481041278414614566447709023010157125133352267287300788059403e-02
-9.4050270710157450888268938883264575750843108299153326342296304454782416539289613114230786873210191341e-02
-9.4050270711535337043370804816460935900576772136194518188013586805535234784019035666817259281879872155e-02
-9.4050270711673125658881253242908717576787208196773666694644010500651773766606374063909791693764792308e-02
-9.4050270711686904520432300703884777202205675482267737881449500532255009363424357830367315040512643982e-02
-9.4050270711688282406587405476165695979326681500594174133889456525967255147198040276952890861993090365e-02
-9.4050270711688420195202915953655620985184574880377570718057879683823253085901721739896078807371826446e-02
-9.4050270711688433974064467001407231817051822147320470888731554752232886399834407786460977404038707522e-02
-9.4050270711688435351950622106182419083551361453305591563904158175241484312867990799841080825520052630e-02
-9.4050270711688435489739237616659938072034443529697013123055453544292678279740257259714323647543311249e-02
-9.4050270711688435503518099167707689973501083018794084375071976414132889677656476098833770086233839549e-02
-9.4050270711688435504895985322812465163673930280518370791235827687428929326120025562849235953683076389e-02
-9.4050270711688435505033773938322942682691476839818945225761835989674636143641759439145496017989035578e-02
-9.4050270711688435505047552799873990434593234114080284127143533052833420836588275275729806388067099404e-02
-2.4682380178318275200280460776086314224982591430441944732723852230109490233416770258533890772047222435e-02
-9.0241154895822417071068787561258706669173215311757492382237617357126788402553017933728713835498133867e-02
