4.5200290518860263903595719150909274219833976211320688751297156089017958941839395065583572465500656763e-02
3.0985227618883464168865022879966347245819703169316805374356389588731968388480546526135564736998745197e-02
4.1900604125006187747330487003809946256001188284552991451317392335576677860198005153125942067021890555e-02
8.3650992249739801188417808944408854483175000114682908211830885622082924555915047284885259676350557610e-02
2.1868685361894622553916970580412333692476217046559755266970670552146635635434185571052009240216589698e-01
7.0037250207950090320799749282333306541148669738837829765590757188828646878072702087870906158881473488e-01
2.6325303627427227809107048118581156219128792469586008103429150111932312826655511477923948554548720791e+00
1.1268647768065286527286197603062308092541822162849140597266582093750251124461180191862012358034840457e+01
5.3711161320651055156681950610303202025881038619386021024423561744027059574778103333614222830294489326e+01
2.8012602899151794282670308422690989643843743461172873318263665598484311518089281314164424433369324226e+02
1.5762678486198952589641958253023057453014614780315477583984283423695646579387632882068191473399375519e+03
9.4592764888082909219286167695323738662444047821826091425444031519828783914916266044981630256394930494e+03
5.9951362805653972893824178222099182902184770579972887309547030284167640212810322818880281901899999849e+04
3.9794684528919625194234462987181833872633332842263453666617481725363221178018435480920685477920191029e+05
2.7465203358219385301788278809977471483150847371266726117749617035455608464673384544099314171741790042e+06
1.9583728419194217804770493046084095887494553981680011432611523800027213506307752033922831624437977067e+07
1.4344552468847399741061615261092581616165468230000258246414467663100774514834245889281897749880968992e+08
1.0738040983778316032994566761832304459998034599343156199699131617773631170221483787379024854144378079e+09
8.1766237740299532207984824642328956060777250516551473485415525052491926895322000572018750670020663818e+09
6.3060635389121827633900428990248152071013008783676326347204052968664383408265381258339023831423867784e+10
4.9060496708123574961336887274130900368109418512883962442188270736299102341900091177619757037547850286e+11
3.8357696802152208056243754718748500469546161187086425352477099755886764404938831989714863417138982901e+12
3.0030299763872249012639293897977569578803217670218528892807220683403419925433227580472108471301081936e+13
2.3461492816561531169536011674873484865337699131899713288795128766687878026068552810430989786839252464e+14
1.8230064805024792286082833420368045838459000297300804043910185405613165640761725942421819463020223839e+15
1.4042190430925250068499697673931134868631245989116229244661367432117509955656273046068407910247819107e+16
1.0687788568528186283526332864265806247279724071445738514224972069827806073099629938064568095249421901e+17
8.0119778664427913288311249149879477643459689794956875215024669057734454311172646619956924219898732025e+17
5.8961529115090885578631086414308206576839518785741082702762904374376568348950994439584820657933315220e+18
4.2454488534311530505837808551840472453211115317067075912140562771411179358807621884927241269845631674e+19
2.9806261492735897632873183029401698029066448765573819709643234759568146007231104816818145242744446226e+20
2.0331064317276344481919967433605504422706514570956771082571971065231450007362145741791617431323440270e+21
1.3422626061805265391023066852999257847505342313637121379451374334314752029451665661431853928429549350e+22
8.5425706789156939725686484257340585965753607675171800714800563591328691830318320076886007780927077100e+22
5.2182782248637493870631394943620326980247150625624844981325605337312746522377401243996757341548778841e+23
3.0450755993069586279746339311429695485007103092842323587859952454271330173992476529257406851109828182e+24
1.6886280772726581658033995559135007790048657107179370425621643068128087115889865721877133903730407063e+25
8.8471192680709218229197341157351944261250335944886179709417741014372897065553359398287315318456445001e+25
4.3504259207362443269833641929599423960384802116592088781101693669829216279053113126615291942819944208e+26
1.9926099754098635771764869637087186112956127183395403915967850643708220146551428157712586683091098086e+27
8.4257879280147468413293415243839378262983367990257732539882971301618582112518765784098049309645970923e+27
3.2545256477685062052262057192787847776399735317102294739961255107347922659789683433061294450037545046e+28
1.1335183261472260112759679016743293001719541511493244288428807585651154533842056958252212805097473876e+29
3.5024831491965616286863184306015083617506092561765181971195936363420370290597251121874318924136317692e+29
9.4009016511461869796781148842213593621269565138611485125530185644711168724491008555567394113090423652e+29
2.1299992125989932040029339585008067276288572927321061346866060015735989788567827383359467265961232070e+30
3.9092384610424372744250468517234332877540193795500145408122409150212418380768554359946545050504922671e+30
5.4463230690283889352631270205956779675841822058281141824198923644401934100883952284948333200536793879e+30
5.1179238486318421761353708783424658935053239233096356075512655357935213912045836414664817119684269434e+30
2.4320137316001501177789995093718942462320784842108724456463166942673714066744887223613576913468832577e+30
