1.3093931906509592814721926614112944756934253664815650094361763817153953973162849266773361802977282822e-02
1.9443214537590957444558381261081287688640806110291184314971276362629356509645230273424245744082962981e-10
1.9432167948798304669390331291261186136577824058898322092662149643223927141655582510548777103239804507e-08
1.9323847275349402676927582911442448733713242419557532625937280854549139980768336027672663487892119355e-06
1.8392457502012317819399067552418557610570704807715129045297874760537942432219242975443056590816427890e-04
1.3742922985127204707209246263490326136634124321330161160438077736440249664627189643322395646438787691e-02
5.9861471962833469409022720553928644990143804635192626954461769633704015756959695761021819241195999721e-01
1.5424794395731058287801977728349378463421658482403536965231429670587713325898391106116910180546131842e+01
2.8345494348885291182585970479533579094287456920207648106097918949367343619609083586590955469523120824e+02
4.2925253912289743204887258058510628689163967394943399027657835158931443363281814177296743390433947286e+03
5.8138770569083535817414617943612209898937940467965596781666956694640661455220576742804297439975967328e+04
7.3569846391754028319350604376016818356454479419964710831767253646998247880865995223950592083022143142e+05
8.9072095445987944871185007975857096355073594539153358334734829043372568385004819961564139774583162464e+06
1.0459715626807825379927829806429560609728540508085740363540018547272699628598522465887380679264666036e+08
1.2012946806083648770815824897661468109340763187088892096740295369713739664702070663106902279312410685e+09
1.3566407721633207516328316383838437743188465107573366942652952556132989982120430561519223521462105004e+10
1.5119941337009143729237902687936753096884776175445929987311365825537463654875764186890471378773227024e+11
1.6673497947851975563616910804682130081248081009065486694363963503266902917591215525571408193343495747e+12
1.8227061831144201222272968577288129519941637934279717242694060731910380889142633369505767721319818363e+13
1.9780628014258073977427841391483898392875160227648570784438192709634191385934588943897684833150752075e+14
2.1334194924647210109812194089636999049232089664371247665402559683177538475009534347002375886162767013e+15
2.2887762065021826177003699518004963041627934050341824368247014140279716549524081065927146342709271943e+16
2.4441329278124328387050304388364018930908136304734790484763195498153546422523962559701609411799087724e+17
2.5994896514225417399354022635801071870576962747502144792592408101157497216135235685000272231495072260e+18
2.7548463757599299189647257649664309546259363775194150062811528371963769456917413028881472678166392153e+19
2.9102031003273040104819242925176615410138306382442679133757732425628588333400695903046192172963019973e+20
3.0655598249674060345083747642613591409540130076878704054365286844194620937075426305084364493340104655e+21
3.2209165496305066502848310551573009551622361710111012267466879294768931083802912885847642597745429287e+22
7.0233722432413848980929443837795517493122803539593123318722574792390033099828480739626571399839807925e-04
1.4320604024888494028501042692965191886288891382587221117739637509122501168575948811867797409550592700e-01
