5.9637319321141215231376558941805234680690629082772701099896721887984914913363890077126701784397873605e+30
-3.7930256687043845769601409062795538122405469482783454402894310114792184915134820935403620507040576707e+14
-9.4932826327620440956389509155984431547636245293181187815282756635079247870556494974449686933099677217e+05
2.2501408598394500877686532555029577531172658291556574136712431325152170634173067097201821185267718262e+01
-3.4770910038449191785900033601016052613967316527403489087957392775694930032973988522510639806368913318e-01
1.9336873894703780738722209508303884158387351159180867435119838346241683771226623091570062293791735570e-01
2.6229789087388396082864282896999977708678893311779789618934927925274464296392361139014224188352715273e-01
3.5181460976532654789247207729138197599602909003207096625476726532552502675928793799831641358923581484e-01
4.8045072479755890953913645725343959584491413878182780770073347248273235487817514755744968503317800469e-01
6.2619037975246544292683495799380705743939676456333759209028179592390408894331543642067016802401378322e-01
7.7831974371698442758664159879531924706859243892700233563605528131537708873413398474110054382973129933e-01
9.3262992159797918636150833175255687815140693364229957339748251655330693467290810062138876549602964559e-01
1.0876523541048936393129935216959392954588954472070971488362191347857012897098208442897536212075355589e+00
1.2429029565222457203645949365807590201964016964535177722975672656239559201604896232500880042953084620e+00
1.3982260738694728732607216195763880661715256158309377168426443923223602705248316149373295318850432493e+00
1.5535721653663932283390060755845383829915980067080239037829537436876116704741632772820689937998679749e+00
1.7089255268981832976741312626202258344426029841387455568179433883387218187522727483047938461789308279e+00
1.8642811879818861259163633602162040087799411959472577273452647116227494082734392736553308701489076805e+00
2.0196375763110506562624014123715365358608118558720675535592100811320717684655653723067637311437116679e+00
2.1749941946224321282259319127436125668183082093859478085492309371021756894982514619171043521028099044e+00
2.3303508856613451611091715043688028056738322702357726102768112457606068342036247839272607673587918607e+00
2.4857075996988067097928024793857335248239339743766700592204197231784013386744278600700567347744672954e+00
2.6410643210090569249939110096396440087688912678953899749019751256878777675025362091548531530110237165e+00
2.7964210446191658256439276387051497068677264723953049078350213827652414570137771469939431451449372888e+00
2.9517777689565540046152156205236535139954644197209757435679027132850816207096760745140983753831707240e+00
3.1071344935239280961266105961181021043307714907868172051053581025241604315157453181418122955502359287e+00
3.2624912181640301201524807126661215046656097715233719678461012017888012009593545288185038844615563355e+00
3.4178479428271307359288789680424954989132976722784865503766162409557292357677888262771538197375782365e+00
-4.7921121328713860018854364814101434104050024881470959076147200689525450545860577966314939915997053886e-01
2.4309432240875206744991121704015524536563017091090682789037821261963701327210323746259091733079325401e-01
