5.2698179095000346835142390962445247538560792820723702267208165056270016357473200239301133229830893441e+61
4.1465382686591155149797862729557026588637259831886136316202761112725796066241579250031733218707397217e+37
1.2682437306248750056185135164699190365573510262401698339786689129509165174006389980877313693876947764e+13
1.2995850747550895687663963468876131718298314730129648774755041519174372284718254890682510563305837428e+00
6.8400520553083118069372200364777714826360296989422557055240068835170848103341950069136511895074556877e-02
-3.5612994744694391224727192879377813011901157587229529719950548800780322275782412661249152276672830388e-02
-6.7887790749853414961017178374800851631026037507593404594882152587637160582177619888304755300564477431e-04
4.6274490789220499918891397644301904488408592129303514152068692111384000129864696139009401384375131718e-03
5.1786588010296713609914714471015314130086763737001446268533924461098424966989117906301649469844713196e-03
5.2339881419720219551482754981083719159918240258559865905760290132796715245801320681154465001153126905e-03
5.2395231623676425208967191467815711137237890753676753798299919699803526493755213646398623443759262095e-03
5.2400766852728340646307519719993837720864529194464285334414506024693295613715088453905997461901960165e-03
5.2401320377720121296641425682799723248194890062851218056216513151150070273692820698173729391804340291e-03
5.2401375730240165278898855269532963794055147394549197414063161909135552220475291658436124021548133657e-03
5.2401381265492378336322996674000421831633058232319258712150757354911933486328619569756270206596705475e-03
5.2401381819017601728657420956962561636274709182052881319630057126689352886724019449165008274333475508e-03
5.2401381874370124088756783512841987165714131121749830615995211665470242784594852382440160784878423908e-03
5.2401381879905376324975378969731919891772422838895500438032121497216356062500423252209690073156612990e-03
5.2401381880458901548599325107433959224167021665850204697382880524857056959908259559474896341646192165e-03
5.2401381880514254070961740587124293644162426871414390238501787283180798383076215219458624893363444462e-03
5.2401381880519789323197982343752528391055684902825827888044417093625075947206554830337859744325670937e-03
5.2401381880520342848421606521501943878793974039133148177460320015688788864618666108914895979625401921e-03
5.2401381880520398200943968939297751347698292612253599597980190345219910890295665224670572012369204840e-03
5.2401381880520403736196205181077540753790029366186699991574293857814721646556720885057392881872827541e-03
5.2401381880520404289721428805255521780991216090546246741506751707551451212414961174181992432732273520e-03
5.2401381880520404345073951167673319904577254893471863809763785593843577641713166636207687471663352798e-03
5.2401381880520404350609203403915099717144517975069322140548284921112308500373551593315743380166715687e-03
5.2401381880520404351162728627539277698403330875242116939866348971283203102077900736785827036284713111e-03
9.0401579659413453976640405506164675447620848229805986286738021256937796462519397555604317907100082773e-03
-8.7171412606730086784865165874780726993381977908213321066250799861412997873216606671149604545879271418e-03
