-5.2698179095005196731756382483838891839476153420045549915755236944374814943322165428937871183109619083e+61
-4.1465382686410859253159180129076582672024571307421983612036167836660770116575866269398196972171017911e+37
-1.2682801539944002556890227307383583042749049606389512274430553111387247925929540278892132964250475942e+13
-1.5733066784068575002913632813449149738169995060713904227340089019661044832470272629215560850627465831e-12
-1.6112738005329072126646460435019830612138276901013592753721650202608952624536842338758985613670603101e-37
-1.6151618994758277500957825621644921566847516018258373911039916174162271135711769497515316768540854601e-62
-1.6155516433997656598137508240010241059620929995797045268666218284286374215988745296544649854286028147e-87
-1.6155906271530241004233262882866059181131879256379067921651364162815211820939202661514950806236819999e-112
-1.6155945256219792005038635491006803888836185916946247506706509131936189804598958700767434025381370800e-137
-1.6155949154698110236857770857653074405148762039418999846523793832645213186525800982847473823567950991e-162
-1.6155949544546035691563211157083122815127020172038509373504520603398733471513579176353032676402389519e-187
-1.6155949583530829173349196595849653852909718569778867186473273741646022379234503181855870219681743419e-212
-1.6155949587429308530890949759955779507203552455139629030396515070148596061617543376493556012050583745e-237
-1.6155949587819156466738756622774828039568296412179975758187859660970750240855917269556029867796503906e-262
-1.6155949587858141260324473624521023393715968784225987776553025010839751210718384410922525958557282199e-287
-1.6155949587862039739683054687850286040281089886981238651242949458564005848994797293223918505042930496e-312
-1.6155949587862429587618912887814758736255246777802199122637110606711596626067668458686318218443818433e-337
-1.6155949587862468572412498708747521470166045055931639866668704774505390422667336504034451070587475535e-362
-1.6155949587862472470891857290850160898200258915776299278425255471153713669818165180383754843886143031e-387
-1.6155949587862472860739793149060518472550111642287223614864833064773871908313519310403273354260801883e-412
-1.6155949587862472899724586734881555166300561228343786773703320438400763357508128918114175828088113947e-437
-1.6155949587862472903623066093463658845038760830083498002980356362295167997620221109002518539049092991e-462
-1.6155949587862472904012914029321869213006212336688809675248133068440314687463953118202365066860672395e-487
-1.6155949587862472904051898822907690249803893802813654247968517611434276807777946309231001848905590455e-512
-1.6155949587862472904055797302266272353483671312580781839295492340598709384711713164413732563626112999e-537
-1.6155949587862472904056187150202130563851649157189041029768739176469944247944502596633124743275870617e-562
-1.6155949587862472904056226134995716384888446942586182413129469353686821791565066056393415886926165707e-587
-1.6155949587862472904056230033475074966992126721135259706108676426344807292641337137923899861324068529e-612
-4.8084013497118767788492201279440690329552269460980036578640808982724231543524165928312596291129621303e-45
-1.4348404013912671563080045038751450622893158761355265489189186439429798676457857895862968818249775138e-77
