4.8498966139915213876893146262109789351039890793958763130646943158293036917095580816649196633447288855e+48
-1.8029589663829752533843332158211580670849868293653104565981541711600826539186108089411724067211901026e+26
3.6516925731550554809304357604147247917275952544175022290619941756821885627984206301692510865365689734e+08
-2.8131358055596240255168739641208615345052888819965306637978044297338166018807758339475244268185404371e+01
7.8942151865320777841888785066151757721818652712435535585277208157933593777188466236623798185871590218e-02
-4.3849267971577784659599531550460998986601620523880335994470946023983162594090391237511992687441785935e-02
-1.3492746107716707797616935115623431163257876189998260568071413625754975709201787702658540224987233148e-03
9.1550041773998567005824000276445051188013255053268872514457157621167726893703723705828438940555803837e-03
1.0278167873969734137463089088495049291843415632797330437584905703386394697679746208806083167625459534e-02
1.0391222382931749066202460136630029573608052627232606856816566299492356640116428739609929485484329448e-02
1.0402535226062559666629070909205687020256760070377010388492061111421152293023196910929130592400382131e-02
1.0403666584308834436173786839681957495019415550085226752319202006463797368364284397781171716178592372e-02
1.0403779720872804698447829414938166047856519559218756371030867897082186219275162934749941413350882712e-02
1.0403791034536595163376714546758585441579293176897401322513113499572294616519217111108700814896006733e-02
1.0403792165903048144267466159909468467746399453768818720935833574930762876474326291675556930765333217e-02
1.0403792279039694181700530800516077216536188306500141918556053642191889087636188492664488941502897328e-02
1.0403792290353358792837277170217945188526425124417544220570008147601668422213466545039697099865779038e-02
1.0403792291484725254024886206255392348595272334904651854254505811475951937405504334163270080166600223e-02
1.0403792291597861900144386453849820516522754608331907234299816631827309675331891623202563945171536763e-02
1.0403792291609175564756343872049170178683000710576124031617200699580640978247380787701967414105982650e-02
1.0403792291610306931217539687803504213363548591448944391177434081307931311194175998006949739947741630e-02
1.0403792291610420067863659270118281607516259460534609798305119957711511502252070775055279377257819401e-02
1.0403792291610431381528271228357152786838377119101452072114039162544862989850786199850143527902989175e-02
1.0403792291610432512894732424181113839169657350685567348725277029253360978615051736390252377765566566e-02
1.0403792291610432626031378543763510683746776058501264035170603659827121781018877949828389548635666653e-02
1.0403792291610432637345043155721750375597927836129406566251270250707967691283884127115400590185194099e-02
1.0403792291610432638476409616917574344856977412960686547994546540973671421336681752183241574917014994e-02
1.0403792291610432638589546263037156741783621714634499203455237114603917370172951141677418816358425237e-02
3.0486857891855361624750707899343464662984874212359651215025402624782516685636247012950005592822373518e-01
-1.6024647566121593748742585234395987614695630513722653555731586088277865742832896867693766007084788649e-02
