-8.7456429645011363939964251951184856842120936691915035499825160443424547743839091924138333584577763803e+27
-5.7725751401565728747593435723067530937198722565898769069080599162146746792188718426042321929676467585e+12
1.3766200290793576611801747433931013352086011252810659994186402976521498804740679231417326362593793108e+04
4.3305576209209766094209868726208304298190811027937801986224395834998376564646395410486957804849028429e+00
2.0220567371628925372967925733447290951367866610623903241005104259009695881381416222702632117904113090e-01
-1.0016355324563842679568612438970970344873660915936864747633879474959410841948873641579146068244238484e-01
-2.0040826639278028649024824312076078046400908048852950913213154673058875803022196065996990551518338516e-01
-2.1134911906433787170692383979996288692945468992629283526910555359290306620266086892163109581626758997e-01
-2.1245260798370540321173131299370038560689166158624880170419258113855515587646296969097637845255672731e-01
-2.1256305115447178189931311304343917203735696726699219526109603964736168347519385545542811010527395249e-01
-2.1257409641457927160002120941518440621319358339309105358770776745037197912432693558862656236674793437e-01
-2.1257520095002057166880682680407003585396800791218412036557063269225758279398394162505461612817700256e-01
-2.1257531140365900742925541392058647028083551038106744366552336356417279910641708967867953781423525097e-01
-2.1257532244902379406307855601151484104453245356129605700748484058717180713920412293830224958589267849e-01
-2.1257532355356028215703889563755076588835900239904925176076576466140826027973173687529048790522718447e-01
-2.1257532366401393106074071009690694205291515517539263956817754742917349663842881156772763142259371934e-01
-2.1257532367505929595205394934805266865922320483074508536897633509912414596536928139903042147996174695e-01
-2.1257532367616383244119470385121958499290560965950325980692607925725670405797326775757428990204036727e-01
-2.1257532367627428609010887360731680030558751921901275699384211262534669492262475293533701259106598764e-01
-2.1257532367628533145500029152598432707389143001880829316087904556665527172134756983698369869117702392e-01
-2.1257532367628643599148943332728165780309242088037937091653715323352342560858618070806391445689546816e-01
-2.1257532367628654644513834750750569665653622620693554701176946110971007411073369086328886947876046068e-01
-2.1257532367628655749050323892552904359968584380223773845756763406958997932902030590700941256025485379e-01
-2.1257532367628655859503972806733138772457885793239466592366327906452656854352430231881191366138291212e-01
-2.1257532367628655870549337698151162223137393986911662599607115491928694192019514569319769635844040269e-01
-2.1257532367628655871653874187292964568299650586802588467681250877139392363113092862792924759128546080e-01
-2.1257532367628655871764327836207144802816819304596918117162189240242400952318593522158225104047955651e-01
-2.1257532367628655871775373201098562826268545606954403452737018349056836506787827890774556148302220427e-01
1.6881416252426433099241900078885300274054556685351348586035708611057518855505182677029718610903244367e-01
-1.8255102351973622995142950848586820533587411414989478943367245277241159482049445949409878467368097643e-01
