2.0011275659066199382858354839759100379840884398665026713953987399011227208659745236269189912071275674391142337798971472126516418226e-12
1.9443214537590957444558381261081288210465916984813446567589683337233791733269592216217034212687634245099846985904843536149575804193e-10
1.9432167948798305435299914622916665550234912048967614269050684109327857454006939123995973951826477419028440191075101051488793106505e-08
1.9323847968490135893693369605657336142640747740927394065266285445549952577554557506137791353540412624715454544866547584780560276208e-06
1.8399348123498751232228142267474014568991225703835692350689424223846889367197312090204592214848896453424773846856531241308833505234e-04
1.3958278422362863262160702250861703182336953451288750748842773506925044303105327008791673783233131044393609970203285551457752116500e-02
6.3823604587489615424738973907973515086963004527197470060284658204800447900488034411142702301934512763910329880922886818667862129263e-01
1.7280260292837411139873607580458258545183471455871488823038398856516817416774894641732029136856839509651787263737289373739492482175e+01
3.2827358287579278374029440542426246154325980793865570010559954541518861838622666954889714733242815320025919974161150527205487897413e+02
5.0712340892284894879524323884137166025091564292084898471922938163167420479818863134266703287896167198884773410742711909096134598296e+03
6.9516197488943438408001391510697873508526329136161905100550016966286297880185552136881734070313692950018469970897444605346662212125e+04
8.8639800796760095433957506164998826291626459248616456046569420910452223761277760718942451531097393769946474866222793033524730341970e+05
1.0786863785773781410554377992137141796025133965250314581731196970353530152112177362292372484825314791290225453499812981565205536042e+07
1.2713128817799751656521303231707286468636081658065669650062522284156638996308573412023259174304218372414331627624565934536491576393e+08
1.4640469716423504982652520150038464400216210989012665419034897962585428268523326960570495697188822672190649425640538880652317782800e+09
1.6568151618325390875611762271934154634345085814567335169136862644576799468632235255512544510565777489336523984092925596287391553457e+10
1.8495941445845323326557082352013152837822817809811783442537967100443926630027832414178556265926360266299859536680379039320042419334e+11
2.0423765412781437867650919150546507022477738307579663662636276378310208487545461204216149743115735497533022694912036788830066162148e+12
2.2351600176707561359468719513251299166045986716134177307882520098702865168338824540753229603102281969874388831085619559236653760450e+13
2.4279438355070063815331940998723734201704608551246843508820417068487912853949277985768373970497025149514150430218331461435237298493e+14
2.6207277613186237387722240649678997711822467715367232203069921331828095201081677456971816982177777563660879909451448197892950380137e+15
2.8135117212752035296844228189332092652747800478904527042917258521605561744324206286193717017797682849883547361527608736341368517548e+16
3.0062956920293850903583227694642902187360498589349770407990631686726576480305493042392913675473360885135037505945713543838771745929e+17
3.1990796661980699196788572142304726646890339631584112301261102197629140288667732078898919905725574920492784650711023494456742606873e+18
3.3918636414465156804454723400476638555989616995610559189017867052192788821359480599404706248696996478486347252658450788488762970473e+19
3.5846476170364118487179402100951039921743129423765025224748155891704751716204385133830624206364249416682782756254182521218484294168e+20
3.7774315927342841187185549129375569175116785928941137184316315309784511973831737393034005050456387949192502540716153724467390862026e+21
3.9702155684663014303800507505516314379693768139325999013985410355148883221379729749591382163860399558286217275916291188487600165888e+22
7.0353592915405473538150756678193192448611096665388860272879277985541028659885832148208881286107570036449449836652944849756659628946e-04
1.4942245298209976689701276383785420435743062841985141024863999574212296376397140453172725343057782753109712404068340806029655536116e-01
