-2.6766670028441660502240309167758042116123845738689004206721278646880225418684216014907502341785866151755029864900260726803273621586e+42
7.4921646164574902181256824884659578381473201601983751525600684742226302862493371075602254295997816043410739515656871988668657610041e+19
1.1601419518358333327960822608209552850104058265707616076011670463829279758706288460805190437202277491992550329835973446537104367631e+08
2.7447766614796848012350159732014354186957475233933025135580389514574476330766625602493493611825500628397589806554258698440046687040e+02
1.3040556838953276289381441803254535091786400657322817960544653056169727916890646090262193802036969424645140245957163442121458067738e+00
1.1469640438061615406188841662864271963839274402498310806118014459512719496864124451755503703844602504978605874215542937153171376127e-01
3.3071998131009808560225692277893976030523225254532589879989916059712711149503195161434007592144229534379813888543296081303964284020e-01
4.4359821623776627969945466403556130876640498831315304789319384771974119088769880620324506788220423861641683439731187040807265210832e-01
5.9928367887611628276816377331463524720395378447353591617974330382326301185029718849404093045752854553372514446693703995625853437358e-01
7.7815314503552903243679203646792108106704017261632683021593569942798542847946264198194442087382852929919384161838213324087575470157e-01
9.6619365687745895169126889329384565487165012120360222324049419317968826400927897872853965771591404020078031531029305437797145179594e-01
1.1574298843617466768142899923848193540887466823695164917395597331630276252909294997026151421950678156072991660527160710966583329638e+00
1.3497182744103217916935740106158533605283060764592530668158622210308512299019986214553253822825572411347870122465916079431559705053e+00
1.5423447795567804671789912457538417608564298559268917070386815340853443514922596317492097567770917754693127409693519415634756115628e+00
1.7350788696135417834616548463084459959903381961017374846286426092907362795797736234134484153173275704986293551191806500896211812106e+00
1.9278470598231689693103398893579639993518212957667443772092140461402618056994200887955854689358380707701509274846875311425250726386e+00
2.1206260425771060740420060467973484869170930899429196974108041934361529310214330905695545845625487593303765121426087274494007990257e+00
2.3134084392709119141149217222572328815623685049519622153795318949097042712801827118244881698400439384971879185707244472909985219346e+00
2.5061919156635437018930531438950009442435178187023940642842602825221926527896757818029422613970147912522983480355760003513315600806e+00
2.6989757334997958913390104128370396720944876766676102320388530316426868202099757316751193973270877997649256804605956122077870807877e+00
2.8917596593114134429640038897906262089292567245624892471574521032003669118805224427573134562521631022392280422745112251905296304201e+00
3.0845436192679932533147989949399275282380329833166429982909603570603745824632005666382906788144132424192859913515594593205537288082e+00
3.2773275900221748159325585805893895222872665392393429298396387776159155358221431490771392749116515883834729816124223709721607432710e+00
3.4701115641908596454474789888674098908797104124169216221198852451119060783085899912979520331580958546264402362140939782406985108874e+00
3.6628955394393054062335327110357848722393907596596439762371381259383482866059676407644023470582019491049240598941128444562806729883e+00
3.8556795150292015745079444407183433878415753298985449784403989797645168404385012727018743427760207705577627193746053390171049430436e+00
4.0484634907270738445087535295243081510814428938218960805811444736291704074138916230184140444832819479814892517542732991795440661962e+00
4.2412474664590911561702688057347338553293894920075901988296559425337328901072242719554447804897458179672215546828017076175180547363e+00
-4.3474919196613333024748688860357235778979647036295082943730256590661942269843313208527538493284423309062973174320273333916673932233e-01
2.9119168153910627641183595027343985737791363616736527251251666426432641544522669242707179494083871678759144015687436281463130846107e-01
