-5.4598826388894587029846565596730176676323566573826785375319648963304262958460131367938627206577085504142620661957705295700805115356e+98
-2.6653540327243869094277317089955906309621822930187775555492239101561302623384036293889849428516293724568723494480413761455051691355e+49
4.9949493296718700405734577679785610994255580923157101799164496535120241168024823530207563699855594943018501647217144070343787023882e+06
-8.1111816680224916891815595387438699625137263809241306497056708922184922570309516862587656323289107979032292257178962027608778245990e-02
6.0942311272075120542734808736311296866384839602104982288259409670059287709885838991331456644498490047431811835152336035162616151084e-02
-3.9489371761605885514737672839588027809126157160751436282446379967178856585127891899380862149950017766512469040979294829789934415497e-02
-1.0747825452663157037754393828889022899255271970204493357195116934778291436203523494147629975245369765869383694792541115772861679611e-03
5.0469812468432434844290246786351113242870836452863847459106312735089584550228117632501035070953384026831007429447032460741656668646e-03
5.6855815932843873025763876730436232932458662699146693507097480335225587857000057651383337985577494558934375681969047247924136531667e-03
5.7497097653470558957535678123988157596300844600900141422157812563671860923130518514463855539709671641243378959774521519684400205907e-03
5.7561252678541790453457391140956659711318631510295749399815856235106898269407128548234093787034959074614851525204755308737877818401e-03
5.7567668449618294991848997832481868850478479591641649756515271734407549985458628272080178735476859177711434960872253241048462434278e-03
5.7568310029411678558242435524756730326830940806526707189913578907444952974379678631692186882583794228801250645143090293433605780054e-03
5.7568374187417874285306279010772692975981531782628645497552131293728051476644538117962429417556080794544729305592793421870930617701e-03
5.7568380603218762431756207342555248266742536391264402031861564692077490437286599107168210495699934530085665246648762203840764822907e-03
5.7568381244798853932138674914554233113320752603201227177311875273498338390604976079092675328475284590532350348011888941335212206967e-03
5.7568381308956863109034296458441328101546150141275836861553426631087081132509190642172602886822581181968910467360971109222910754431e-03
5.7568381315372664026992432360736208554643824740249989961637416563794157981643231313700085331154131192215493833576880114646396164949e-03
5.7568381316014244118790931688444797608485585914338195209141330487683895287864137242167791525094135106388399265380077198090895729157e-03
5.7568381316078402127970808478590447563254071211545328068809008365585755417830785525313341369346137205977167337810342862481165212714e-03
5.7568381316084817928888796426178760469264061822306709949091744093014481926693250044168597363460539858201820909343981545515380482910e-03
5.7568381316085459508980595223623329238970431603182497511440797265504150167088918609734188239561615221815048054468979073037359033462e-03
5.7568381316085523666989775103394643490732122327767062004107578663983462932705946593872696427038959345176682227675878737881488608949e-03
5.7568381316085530082790693091372043489656201937729787299981264261995461799426784357325576247391925161372327883454983299765330656915e-03
5.7568381316085530724370784890169786175286089004101141817023945585078560779256478612755755830705348071399021043114024212090625791681e-03
5.7568381316085530788528794070049560470706452501792028127901756087708390217253592689795978100695161998964461548450061051743966349391e-03
5.7568381316085530794944594988037537900517062599471654267620571550917277057031594643814436418424012483821363635604620969708047628042e-03
5.7568381316085530795586175079836335643500809346718722256678802740356867468669758800432351350921032553524753615425416733615229549084e-03
1.6006033297954073536408381141775333671366117187071789142156903059445036790426146711153165692862544431665180092087974344124766797465e-02
-1.0248620080177253320143367434131583033122159485618899058774751064523915303374713845814290263086472466531557440485892050451295217272e-02
