5.4598826388894587029846542397797252078582127036060146071990167827312643322648142163672622516126431945058757337623392256708917474091e+98
2.6653540327243866575511413456929375194931563298922935868956259192282686200947032438560104715059176647184359597312582024303412485538e+49
4.2883773896275415208611202828102697625807241149045551482053269574240383205032566804304119840889656329193050147827718400010635968646e-01
4.5605549577523846219112280429833149968348884982691593597216398679176784265811361195036183619001132862077397011025974405849315778604e-51
4.5895886353761069584138414957560567395835534283472450119750567844292646099017859362005225516702412204282596827512090569876271514620e-101
4.5925113251472134651615319686742926246672430044580388777316794774115700597113398791972484009955284712394422173209015916718499610620e-151
4.5928037885781289301248391278511169236454732566344695205591488826343843518468515706073715977838479046461779068629840113987558144699e-201
4.5928330368669997459131260049200931167539343771417333940628383979750231663407109117042035109976917758098631623269300854492739026449e-251
4.5928359617153458621607391967266184891432348331813864413803151134193698867871922682573872941783160543641100045064139686025316119391e-301
4.5928362542003750653742397411993864251809193649129252950456392048969479993491602042211241115663265281026176306776468984146034003714e-351
4.5928362834488799316127192468318038111199368934435355610977851933464024892563794643385552173448287298615904853574416432238166252047e-401
4.5928362863737304376957397339665843762822639021275117355561097053499178682436582432874749146195044348553378583178463264066406463329e-451
4.5928362866662154884986335092878375840049903491403558856714778812047356589121272192242837140449005115018242169152056040037722824251e-501
4.5928362866954639935808688040872827160598207576762359581132458198237199973053639339899556086905588590339205098512281668835451355985e-551
4.5928362866983888440891117927399016694379006241962354044590295428260996904913733906961249363674773077010691971976526012494548567514e-601
4.5928362866986813291399362861968903104194943504284476982440331066740310215472748108928597333149435049262222904535682070557432450389e-651
4.5928362866987105776450187374885064419753336402188021513657252497612967557422064495384414278709544870068260019332326939754271990924e-701
4.5928362866987135024955269826371272278054956104292802607707797622887763545336297695274208807674503178049195274776545899966362805870e-751
4.5928362866987137949805778071521838981152575891047022696841450400733453108445193532725546977652493540009670764667800190304299232986e-801
4.5928362866987138242290828896036915110635012447900302723265421046426869780803291617816297205242008744334684637922959397972656052818e-851
4.5928362866987138271539333978488422918174982849367421726680637484068107607744151814212963856214131547606432880407936608009936479196e-901
4.5928362866987138274464184486733573700874897156971951549450485034882343914919525733461727852480281112121835817692617491361519309907e-951
4.5928362866987138274756669537558088779164347760406982710964173646747588064520280411060168185936244272517683679455034013038044445322e-1001
4.5928362866987138274785918042640540286993487412477231608907921967099664004062834008100353505854605754927924066561896198709273984307e-1051
4.5928362866987138274788842893148785437776403323601523956520220606147124826582307795808800749176831422357018860387069426339032027415e-1101
4.5928362866987138274789135378199609952854694934173125865859629708134414038833226752506476906090104288898921789648250492390481363131e-1151
4.5928362866987138274789164626704692404362524095424877783539352410713980811956021683349159630804726753129983088697043894227941709824e-1201
4.5928362866987138274789167551555200649513307011551998892574782498895745880207875920104550701161874637696254237130662469618678522462e-1251
4.0778153436774074449906680762186932718695030746987354227597989340783270208617823466081328605211981264714184766032959504954962800205e-116
3.6230449000610551910342915837436025727288287489408558909781423115095186810536266170645769816796766024669744359374419591372519308234e-181
