2.3198932924597741439537766639303598510106197073052176520660934368678793062621007591883502978608804398862998891751727485068899020327e+74
2.5187659036329526306893972344126636696253130360255002626843458823910257320984431441369829114097994046100169040148612638689419159666e+33
-1.1951434396754210002272673058890101475285934313412840659051728672111747392104830414505156593094965660738780241651799301515590397590e+08
-2.7790663658172830801490085131992147196405856835639219814235426634742357830587686194721261970603186006183961970413966688129132738098e+02
-1.1226646637933310944607952505858556055246897300485356398156123017452478594628076054055018052038349872620963953003063983333584628605e+00
-2.8918026694734594466155373598416167144448135004824639191935851997856063274446618305116704762556799925093927332467137400790980633861e-02
-6.3041421416404657446370613359685817358522835976317753856463338551997844427441273113780931890267821337716491850834333451876644317143e-03
1.1454708946685390148748819534556474178750584970246429038190712223705535692199187896291109404393020104531834897116365174214130405963e-02
1.3433673857144674436540047620248764319043089276152906540742275507572867670673660770692406705604050829059979323320144057114163012617e-02
1.3633654547170213214354253209154042454683341474738978834763736172959246189890555504604687403926012524501004114186204770092681994958e-02
1.3653673512121564091825568026211441085459997376204489338415067943302473773477232163241557475299146383407594216112420856979656346269e-02
1.3655675617630202247529572833893469459435027305698592952987277351084455084287597581291259878997083648228048879310894170307388364289e-02
1.3655875830271255114490150373549364575478383989429528591736262188458761186170025961065440498251127002466341105517016159557919837530e-02
1.3655895851556262345721381800693226848633702159812227310956887247497016761074558697805416099807449561309450525685276839899674885931e-02
1.3655897853684972088343878008171705871536557147126477513625335638677604748062657606095104792014178737466749808872471849482736896260e-02
1.3655898053897845152801175380900839986860863324628309103844154755537122606332852404146494435543024037700339650784252584189449611130e-02
1.3655898073919132480148855649714900467106242743808832357099632602998819130158199988201152484820532868902024420651684079339243972748e-02
1.3655898075921261213092643181965739320080622535674846607103395722088952524881366484541273663291445351327634280177968156064382025909e-02
1.3655898076121474086389112130244571554761827258698198154426378400673761203777838366792862756896853062961868208246143657799539976154e-02
1.3655898076141495373718779927022992315745119667325535614598863398430630134565998134213242621678193768774322945125853182285799904639e-02
1.3655898076143497502451746915720339767272621961820462148228102408952066226086594214452014270521570480537562888144619477135726979959e-02
1.3655898076143697715325043616680269566179717943140545677844679140926335109228242934405980669271128905401190047242390031172416214880e-02
1.3655898076143717736612373286797164496607971052812594208517812172892515069595610790573941274539643282350958329847574933803770811841e-02
1.3655898076143719738741106253809063009156171798949220797631189224637033499887640339649549391258437391894289814089101834313528110474e-02
1.3655898076143719938953979550510254950606045627914631695237256516297537535500102530610931131813296337977717760697271408499920669565e-02
1.3655898076143719958975266880180374165652983548354690321406144810277449595472955765530824739171309432020863328196013594702271044089e-02
1.3655898076143719960977395613147386087366696845774131359441137789592528419224972686976230351557566580316924593216254063182532881440e-02
1.3655898076143719961177608486444087279540158370569829814998872150357476126778917923603437425558026568752613506174990338064599859221e-02
2.3040533320013005669160844103827625146165667525786882539103741260016141779752547459637440527884462218498473909189725116408122365575e-01
-2.8220904454694965856872905340912245787301259063085457184451013424645751667012058511710095587205046381397998733417514571116430501118e-02
