-1.3622699210368113421283649907835671811706045368185058257937171443261091924943744480252899908016493988683360842726734536119556803477e+40
-1.0212208715496835800867617173942408440237190550241611134592486816616639796962269482067934378834517606497454524131682240707524287905e+18
-1.4948009745314100922603070418498032140108572077856409279224147769509928411115670088927559149758802417842878610749288953356273018583e+06
3.5102754889197377096500065288614253674703796883485928064331228210708335090786480014003357871251800208096413637598396067158905132782e+00
-2.4049339656172177989686092424916179906343605271546756929204347111939953099942311140302857242287555565040285009963769837395749167141e-01
-3.2330727501912810818834667939776821502481498408118281837955139123167230805961407304265796342706076313786052398505711589493046595413e-02
-2.5951745203570168872910544815210876119249143722347620401824865684364905000817943754240451743295646346952922144994738653760683011125e-01
-2.8729730350292080193389643244417030881760794236997097344691120265178751086717185944546598942512420202711389740000004509096602335939e-01
-2.9012935145075256076698580318366517327298293208094779196559578194916981992044418548097452362926219261841936161684258346611023206523e-01
-2.9041310042519735275165661864810227903043795563030683847368583522563765596347761799532846095276383699897144952111867107197553073416e-01
-2.9044148076800031074842628532717402684297869036921723651339067708363844880784140237778728386677975299146469496995150471235827380279e-01
-2.9044431885673775422142940335197274751696496514821468920250432858303059776098535292168990463663864747383360976588626025582326415181e-01
-2.9044460266615607360845060532816421853395415800430380795347014407470147117438887905032279298653526843111093306664163497553669731667e-01
-2.9044463104710335130111293228488361013905354545839983389314140604655027377014130305648549838823299586864350166313990429191322187121e-01
-2.9044463388519813352792233004702678666692790798672386044196430514007880651923224487321077144002947547003972888866411009425621630924e-01
-2.9044463416900761229517870503690479921550565289495929211710312396546881528158991325638677984765087433325210376098041299210888812474e-01
-2.9044463419738856017735009689159223641207216671967776920026245865786779526205896820411737074341552368748947394195860470765809214049e-01
-2.9044463420022665496562169362062153949013967920369569471917139445715179084868228101878447772487724721443483274305642457552092736229e-01
-2.9044463420051046444444939786896007895452953293910835117134878410134828668835757981862894299619286083846017306179819580527481358468e-01
-2.9044463420053884539233217373954828899609734833140594957829108902888474049139700978502657703599809230288267711766935353279726736443e-01
-2.9044463420054168348712045138106465356120898116981715999359724683581090619111061627900063204125297033949779630844542303292185743473e-01
-2.9044463420054196729659927914576086545332969652964908942822326376729515815671707281429837652787224785851395005148787362489302917149e-01
-2.9044463420054199567754716192223593239689786358995518944950417898254874915446005028780911828155903908683785757046617939587548835086e-01
-2.9044463420054199851564195019988349354879824125123259152140434099982862912164710218344214960153599248519329374542622895931431137627e-01
-2.9044463420054199879945142902764825020856371462691280321229107179387479808344533121581822890338613240140695449327643943711335918978e-01
-2.9044463420054199882783237691042472587998601632057634909977971101308995743526107435332234468883665452140175323222810659513318130583e-01
-2.9044463420054199883067047169870237344718270403350365893571613759540346615564601586637121343104312089093805863943464289295831763794e-01
-2.9044463420054199883095428117753013820390291738023199947178165944323773084289719079995323666435599196270491595889012078018416096172e-01
1.9185550511381947369637760425743043227920423275127965791775221414629001954347580238515825802544244497580228505105011429529514507651e-01
-2.1536654375870911551056648653893247746813256051369806370713090083962600753384706893661559573290274105688760297280010417798944390240e-01
