6.5571362554957891766695842059944880654656733909089801788863709341885859441936445862974337355316550568e+53
1.4702552423614251073940542610614541595540008913795335304398565210263344255427107662185781088491972576e+25
2.0032622199413410624800005003694737337975823637547182985137538113803582445358204959320608746824372406e+10
-7.3961082625932115226715944637648998492390991584432994645286342328715814857280527275926933947272758433e-01
-2.0718858047013488910508546657073625018555974264757929455693222413683636598720055895992747661115488665e-06
1.3970202358720456835595436497308300991300227064638830489563299463134237121732313537570137591847563195e-02
6.4193297874772548140793395572529203155103212132648674350899371381709989336618077113351707528369852425e-01
1.7495812006381363988188202193969719148404605493707985095609741819729171646751096804863989847376031776e+01
3.3403640808056361192083513004881579368084050391864779425807341202052539844398509192455099147709768127e+02
5.1765162614406142770444587901914023264719553179301572370872020042655867659204996198479002820222126529e+03
7.1096352059887621883771352702185471021262749994624640039851815192032467378826223287650597850891257669e+04
9.0765859798692754138791159915368369631113573731958896476164960876747210655254464899863953719474298342e+05
1.1054684595470082709717211152746001675334352978998397013651739645138578517339362677670177589265055880e+07
1.3036366981355520997667889467596583634812798384378781670954037641774128291296472539074316437751751846e+08
1.5019189876184022499023081997922827179562558157945233891545864890784608221236526160907839426877452590e+09
1.7002374291099797024759754882989675935662126374650013283345828640637567897759110288971776507133897309e+10
1.8985673128402639380977521504845177908977877301074217677795611986056348542515068240167310848975990557e+11
2.0969008160586280082514069530120624137659200765179005188335546015279368729883162462317430096628303020e+12
2.2952354639868244473098720280759895255698905813421686386183489487450532627839876695493398883966915059e+13
2.4935704739181495495019869710475886481573601636215905147489611406473524679237754241608108854831962851e+14
2.6919055983264624206682905778923795727166952389974420708070551027569747349034920315333067492180310047e+15
2.8902407589357458581807547763744611579532084219287090220692175991455488215544145485769069604383532991e+16
3.0885759309927995672894163718418711807944451231044323008496518849607313098589044019103578681546775596e+17
3.2869111066699580549725346671223250034484397033804994622540099689968933189290636924106218800101231479e+18
3.4852462834918943992562661017617145903020002477738075664137534623852866712252033077955836837311633588e+19
3.6835814606758413100662438928023966649190066070363489572036042882607396107814121817994095342054977065e+20
3.8819166379742660159756332141232438257199711880021207753936143706273222626166710646925269440460016417e+21
4.0802518153088917795388292079017695025409258574222442066539449287154359840666915292111115050328715878e+22
7.2393412167039998603056868602754794962970020954664522042715053910864500490566242150121970099732406788e-04
1.4992175534024435436648888214604401410956029239207188222306526916134474316512757861317303140181860084e-01
