-1.3374543109470614234674084501153226299371600590237336718767239434453415675632117764213091744840629699e+49
1.4672790805542363251391178991969930198870496677415754146055088623602767816129595266436077465814371951e+29
1.9996969262492744474986204280237616260121723446699609310107708807005104893412770620592178009791352531e+13
-1.3366530193263187743115370686552483478673207242565795106880626134763977929702317484518936451370250157e+03
1.2741437233462692312546651052151090868038852502211579347591455023547211467729973436052598584431565660e+00
8.4687138610021179603657009840466221456863425506350261565072589092643702331798895288864717256688124828e-02
3.3985757984463088686353750032549266687170611092491749559882122081165148001433860426661686242882614678e-01
4.5753319944446910246917212755214885283377517244658386632111181594715150560292939631120145462349433501e-01
6.1710584939989662028360317927620661437332931613386395575890103036603406211051753614623679184080707756e-01
8.0076846868657371399887304763818966124498773259741275740125720555080278249531845951884593643937734650e-01
9.9408508284549091162928423993905241033460913368945767407048148900368097076508643527771441262525210211e-01
1.1907806319997017391430952421903654555062634531851963829034613012225059919889844207419881127432560033e+00
1.3885905407343558432787458475619622127438254378498641490250423412884186986981624250514766168314783547e+00
1.5867587840403365837009642081162612716473643779528913805349388013984584885393626781061764081335531353e+00
1.7850410739949302207408495898075701180063556463094045123833526921016398033637451186311458287633077039e+00
1.9833595155336820199623699333491841792246299149942080912190532389040038021750918277738953567644291248e+00
2.1816893992686836902285060653913294448949685977683400760810129861407804366263783650010997128868842383e+00
2.3800229024875195038463925565479960076370984911977844423423895600050187543813734840642014751868171202e+00
2.5783575504157631172512787578912698691704122972872450815925769673978299129382558173194011780751357723e+00
2.7766925603470929368780357930649680122196471874927837759146558615225042439538362553961125730377398600e+00
2.9750276847554062797878036089257104822799785149815768821978764627116362814353645344371521841783843500e+00
3.1733628453646897644746142283073446385011394517488836210521686399130315505590154531195953059735864200e+00
3.3716980174217434783007104658646894926051864095258698772513969025644132968498474309596941804693983660e+00
3.5700331930989019664555722253541365941271054702741713379265640791384671367677364319688476313584090210e+00
3.7683683699208383107864780064144255068248748972628238834402201126139519276193130801842493232101541664e+00
3.9667035471047852216011732320971975140058763091303809284111420511403317924035611233359129921639251237e+00
4.1650387244032099275110342968822536680630361370001091241196474549007631993340948034929231404041744645e+00
4.3633739017378356910742774650072002442096082885270627412528313586410916908041261952807650472167855958e+00
-2.2156445283243583808871028256204434492859695224714319518078074217338503187699913166345950784218311476e-01
2.9434338037900355912561880783623798309384570997631066528697150506596420201409565823370357316925509866e-01
