4.0706291238258095674119558118185974380054828120854398521762431105770029291963709142934694048195187838702008541962250757465939258195354237358235936855142731623968982771156004649824117494411930199664128807195822190794554193687377818170916215409850984646e+142
9.8189987364272940844913690620058835363339840100227273369591209376668667095072204046968986662932931791522353573270437184509385900695801401995800701807597620718882608888489298756174762934605684585920823215787489439664853140351288358680366242393107748997e+42
7.1915745807218590327868561927364958772315091061064503487664428022740166748031652588159775035746737835332693158425434919647168359306572444543155481749698488613525738928634719383770768311532747618776563879430471163227081394252982995515213449541913042129e+05
-2.9421414424078373506888632436445404428183034526823797356040309256812548966347550755118141927122932866670586889463671167401903286297766953846765131465062518469859457117031832433847431575832184295237603533679342019040860423827910871975686111078119739696e-02
6.0256069793360798139147132430699067234219513816586147672790969775981762875335474382233798837207328144323219193067519202157304910135169954970043024483832530636521297855201735407066325467858278088448085546525732419801449479480076444509533696525177378907e-02
-3.9928327414728438125564783019987427388289291474178395355738588552905696201915660417610842628160161035912567699151874819701463767961311371260280202109611170619075255685942275036666971008162694753928557278966144382537301633712489745259350113050253357634e-02
-1.1234202523703692255080836564413785561920046585071770136775265412397261245005824487519691306484599431922927260902958326733741843011424227877409419500673231499516951841633060438358662441802023775327953193098774945406033320347244198793149082290896104451e-03
5.0959424694336463059675263030263237351577372049190999314702757337962968654393073267235246329060104515942829689123351560623724920990256225829464802826326967425794729572167012999791418653577325184544420701384862666394239143999219596034418284612083186643e-03
5.7450542769939131936656530469675689343005131983074397147850407933319939462387101051849626461332707036157427672172689959987360690254471782145170953280461014712134015891570806465465089579962264933536338455420292856471548241004549855821153378785933090312e-03
5.8102412975854399830868045667650184766170848298417919705228517197306339341560341921390511210252692614537294820855011646428392623262109094732222819184695410672568704940360427639343629672454191789243256528667749754303695048925092774099099360165197554360e-03
5.8167627621585833164910635980079279100126457173599390838928243524106070880568270184915990617458788649805354870864237711066535031911303867913215735356474509792080075028764954387627537386197571573390295364085540208276667665536130782494822600143705665340e-03
5.8174149362451563217234513948192816110091555912676508515300806821966886307863079139231480230921866081275288922335551082535292023381481169533158666748078436276179784466989067793905829307994535949617998520428218353905282512640868954177366999001712939179e-03
5.8174801539301103280440699439115641450898633622652291498142792824392881120713558421353577869673523409584845928078455484901290378999314608084258438701084232573714009064421760070782960238525748880430300518538435916631647590686792592210910488543959761619e-03
5.8174866757013686998532153693810310813122090317514778750558241478677622335966785513538357509531003188848879119744468361077479768258025669546927878008261277668841858225394039334867566105303155402300294012153577479359622851725033937218297022306152635623e-03
5.8174873278785221667500198605377322012129090478412466449395684604325895419816445906150270850900639498717788929570891870584401333433667507699040727448522932300858811030556866649362506555173277525127273428450452283487101612424402291319499655191829310375e-03
5.8174873930962377897368633282527171382399078340392111142314893783446162493408712615970933440061415033128908962593815206177801963868958596747212987065957479087849155906140652738619747652566003250608211314940403119213405254654428001341681497041324615242e-03
5.8174873996180093547985193093293220287866260487150962172226129114559115591082324075951377125838970615839042253978572479001007401328076345319267701414806960796932224690827061172816466650466723155668596708626161665976694001490141434390349624954145345218e-03
5.8174874002701865113323146237841526950614629900962108170332935083557147394555617309145422303942782565755996988556427596032253526108310548806742941008930145639224998877088058079786581438829995562011820696443926269816584856113184078304836311569539944269e-03
5.8174874003354042269859704523931115825744003734987611220827862202593477267426508888140957239383937182321665085939775145178172381584275461854668883586921669978562847088352833237559200820309242539022495431751799985108604716540374752898561323860864431699e-03
5.8174874003419259985513387982256422336536619008010387196859247821535443603537521525869759990711339394442685271729499821465420699862855865229632401060052642163053688855652546013029416482522350361087729742083332017707955637287093820503272799061404152605e-03
5.8174874003425781757078756604386116463889868446729592145833743838146993445536643989276064515363977302940507305460139847319517433021915841873553372646327639956072111969523851671050070561752987061157522321070400626453401989516669301621887790987790391042e-03
5.8174874003426433934235293469362057511387974460848202642470856059229924146395900131472286831006271299369943248994362282375649633856096879264749529236106674547580428658521554907003270618574840506451807311916225436835568160459703244481173289134558807310e-03
5.8174874003426499151950947155887281332485412914153663112880502985327944485701458803550006653375163360172564731266276896070006803091376099618846244087275304002143086793124581215114491538187376560337414499605810205445125182718270893933617537012772846728e-03
5.8174874003426505673722512524540080011758633038044336286649655605368314365327394357311768980720755395745695307780726759598153449902147344270954764616273549989857852228878480797200205462221311887497983876268638438692540733846031931242116523110263421895e-03
5.8174874003426506325899669061405362642657589813219046066426373475220178989826294007375795587140952359717821521027587638215662251491628188835211101797295412107800062813276507137678872369228984669480385624688106297960969071693735551044010664863497400932e-03
5.8174874003426506391117384715091890933377201838364373510219175809012417563728377020538360042490248345435527023265624698266099597793569031937440574098860984765723964964978144398503214430057117734458935436889483265749758101899743518068713534099703753096e-03
5.8174874003426506397639156280460543762725460204355184819297798480380440516099506957386878535504741086336577040223358636701950430587311547880631553418244766150262710164375741865135411531942045146544385448165288666104000200714047848511059686679239786732e-03
5.8174874003426506398291333436997409045663049012589028735852695363029651530860298698419610054825144068924773229541424920337373046179528789211101114749079572225546054491518869249028342227144163815214769054858582014020625231643363701202246012885598166653e-03
1.6691255417324226959350727447414958102803804818335741518348894446657900011182162609869308788935319821595836864506650019415077767543213391222429506496537678152315028780195576514480408497887903327125321994111094348382441327965662937272894130926394343422e-02
-1.0431381664810401916781891490371844967615459239500714009188883012244780986689181398463730126262682144567691643301696394533635850165570374441289686689592284036501260729877224175315558030690406803602248246545503007688454873118134950408499814512180051411e-02
