-4.0706291238258095674119558118185974380054896333746352384080040084251529387731982575953281576929707272268087196650209839873259486394212756942862068555425868578893762794494665193344865908835888385800613856312821038456275488031977150416113374970267699228e+142
-9.8189970047446775557663353849649018478331305408656615462708407301396365255512996239386567487251054581480593507689114491442314571384183352208378778257633359125945256570377431732571349652789133597752301956263659830881900194731546960489482142485139380637e+42
-1.1407147920318505088027246403825481991251776871888118209510775422047176834718470497954416856341115965389125908252241947903528680589715792583691552681899405108346112634166732094392817819632477472092915421471578987797846203462914606761454386596351873798e-57
-1.1593938404865868110731465984697882947392543528061048494809220494958116786846687646478237257666492928977592582166196174836959657216861316205170056926457181343806395590941185043736858072452554684993782038946305139392507321223863857206327870853097080451e-157
-1.1612945731402272991568788067581006417978445862917419407555998874824683262977025634417076639630641233174546778762207455905347245388521328116010926909354269856511414480201300313915203757735596086843510777682354841531133175338241285646344082457318261250e-257
-1.1614849803571703999785083409481057405773254203179837747388776039231999985917021376048649807899299905754137639671699607455016341707666925168124643301075069822792482098975681385817617726787641741225465644351900095807014768754438052872519250561067829151e-357
-1.1615040244241496508043024780045630978821094891003386221542386925952298867853417450372572041790566139058343651336357636982077659308563786020018670386776530967846338541481274923712181236874379761080958885331678677391788643064183283797873857832947019189e-457
-1.1615059288643062041670576788938442394406692139802479915208986636998826233076416858313340329977944354404569676688649755853351697848000540218841867498575300719834848446487982134132756542950856629141392940136719362819330701553197775917303859016558604147e-557
-1.1615061193086564515659815454506569389979356410733372016877601293228297506077980367592226437442255250496245401292393769582985144738003320263190406065086416887332645925885660176493542043339417447474219447563259240383046658015444024085411001299455636758e-657
-1.1615061383530948222322803595605260007989649705316889377373658841605555640604850249592130132101129505007893926220819779788661023807458174375002461541317089902384722527275081909403030577476141339158962977895457565104306086663077998658532225395893096068e-757
-1.1615061402575386927581800851997845451672022289671438190381229339674063678646565586639616735980172351267849661743075611355028748074252497614700453166088302645718124633872704941419088349635025506049558128118245525920740541081600074553538086446520573823e-857
-1.1615061404479830801453627619859478197729097131467598791707900593093094255457446016243748171100778514690732290828282725524766161422399914162736324549128158579975366722346859811583199614598334293881224896295403296214220440145975539517917551883273892901e-957
-1.1615061404670275188874269567125664762363589908402150777801465526687634395423485962613566459872411653851806181909198697605396608304975337554174759744763390616296988225118548050155086536089349015957741968410702852112670567006103192252372153372839501452e-1057
-1.1615061404689319627616668354557141451275436338630954083853838773569191719981143760691856142727700865434918110408771982054824543508756068082884115892484592839255668654043871437831427324121961333852041362457513171250178373216952936055988633718308072785e-1157
-1.1615061404691224071490911579227337758290653072219064798027297416160052052611955968750014632468265477476872054224761010028568887948131547342514237127269582848702470240175736585086630942131395851655327008053301964324926651340420897156695509519433114768e-1257
-1.1615061404691414515878335935153627875431214614603542077093353882285827021894670514541831193753719335310292400854828851948615395740278809546190626797136235872139177825959974046079177112104337484129439516585602021775936803180333868313026999136259162259e-1357
-1.1615061404691433560317078371080849592009718967080366578382950718365880430122240170238934574873178597124843250804291501620794877610982132939781992981792119687558577464617948165907135408704454725578139983655347142685812190723948542448660150112719150274e-1457
-1.1615061404691435464760952614676917690716213942109980916366787087057531354892240468893615276944707410767489540532224311293547331564001660502581319739107366281723784207980557631548151698576773258685096678560623635246405689496842118384326265780980051162e-1557
-1.1615061404691435655205340039036557959857349885068561217163841511577632426395165176629591926855861081235850000590400405499688385341018084743669894581401312830765431178241667511246859271031435917924802033892311688355861745660275751826862859697216189240e-1657
-1.1615061404691435674249778781472522321364168343819033235461653784024354683914141108593483831929917108328472447204529422382723005819154967503990920558061971685408862995357404949129859236075029773598180193059815256778196176798619583726728958796726648704e-1757
-1.1615061404691435676154222655716118760860777238338626634973164199691101974229409484408407935248348271778229116438056917255533388797013300001012831684496290323085729040333647636627705490142871425297327838837238386574210201876505317391766345734377057168e-1857
-1.1615061404691435676344667043140478404843897398277031436958932081262119582823656624316471708753600494603053602358549349620592763732852132318151560905021980437074680079987644294486286772417378730781968066766715668898112026801854835993503997489434613402e-1957
-1.1615061404691435676363711481882914369242544006975736371777912837367384894607723030616099423689712963297315743206058972579543250520485958897626244682161095284941149405015623326408555555610799745086059596500963257272786489489310784510875505850781271507e-2057
-1.1615061404691435676365615925757157965682412013772655509806015010456941181417505112398705069706927932575532652662747427015168850136430445029502792003079397372827980665119849227694815554594176107401599221568872800293999080890791941422697277670794462146e-2157
-1.1615061404691435676365806370144582325326398847911617910054287268798486655774919204013695644625585593977225892815373254991919633110079580591738815198842091083495000951405043075778025152076124509252257353663057853708761221678125065372887626754705321907e-2257
-1.1615061404691435676365825414583324761290797531660106854943569115043024901215545094138587303204883477127323701462261754681940564777127367169791953303567848178498421531386417834850795881899194602332110352283864879017895511635678486358870728902674741894e-2357
-1.1615061404691435676365827319027199004887237400038301676481141845871582620539204648082839420384412118473321750940972154154185439965044808465875377789004458705295170068733183704205846203259976377838391398745605563731362699357711347848950934359665576355e-2457
-1.1615061404691435676365827509471586429246881386876154617905385564416479431477166121246704390640892669697002879938150971620212162922180816223845346091284134494382164632490722200723655780398973919760219483198122183984299676066962112355306910424489830693e-2557
-9.1618332938894757406915911391984115559135891519610574731899221040501586587020564459918185922220183131933957068139284498688084549740157449903293228273041836123345078075605241289811260110015215956871190135698078044010956162140636063253142096605018413481e-288
-7.2280375371058284033041504833523987614883678964207167827499311324193284136466860180836943686034360322548854199678407497854247944973905306103309956337700034387019690991258640061734663947061385361208057156139320556831120316087634184649081169068848129076e-418
