6.8212891953862317608978481500095768273433084070227166272813877997025214390529087066675790693465756055195588985759822086449271222836255540320394214536454994730473036421036565116471368088339181251404005126755508793980424022513954944238937380533254893584e+100
-1.7316826162328015655905410536502824918662660638590679659094390527251541099110047914822895068374431417608411223818960561011641292531768238002497160990207471372778193735115461866661916707903730126316881100760566028962854633684181144514435090237218081315e+36
3.5418185687075292442761854357836967982576525429339652083687960143264632397836862985759357819201995594605734947624157782862288591719991517323968485202017994651407073427934447133836239810594059062342455275020354496861760709717869074269176524449094632174e+10
1.2807380166066124675227032908547402599127386352814743048887395466597317046570054050292988588291325970727936689789387624606386799721001575874989675258885549137485604329124896957048256287277372743553379660670346748551305540250749463979928793669630199747e+03
-9.6860683392283684174610427172246377748589138313225388218961210085546667399860845705233575473781552858312677027600320950145664671687128681850539670097990246965798012992972638358824844057608909559808668710429517426386738470751663939464597164950790668225e-01
-2.0445445543703833852639358197777182246052851890185388850058636434078577078457005965984393628002213889207994741777275103789870886460327421190133090628676179674228133204917913251894485956974757010818352987570317314207595168379701965440166318841762734782e-02
-7.3803139704417408482904966141085291156613068001298496307265470828242643220979979104261571109496977188415484760159514135733894932665751772676165915989006605479435240843035932485693763284279185869668291492141302923750384916076719593849341133794757372793e-03
1.1758828251438398882789157336073818363718105447976303334335258865812125045482564309802160634691575260409369594121511371942835032064368638667918272188428311942808975055910559434993704046864780888787684696267987225458449615278711488382619394722992650152e-02
1.3912208988673254118542162042621465256935372688526734105561715144487684116584451526807515504475072523955794028615038731015546080964562418446487223145349006915062512729241475636263437755801447021742150183768093851504020125084306898947087101601080013675e-02
1.4130009454058475079613418298102762552729156446555189238476033627698071717655282791543844513402935863136211662052134674021457773450899619737604340777010652670644593721408620177812351295839482698069978849661129292180395922589460290639689066223354380235e-02
1.4151814192920922105291853616038633484108848336250669750607637396344027466335447452408580330527799567608321334250472156064924725632861696522657814536268280411582775645010144334681138442632880792330294066434992717534761218077646822525176792331505291039e-02
1.4153994913798881659163225795986220840169516261947065348268003866521431785990583116770917388851868615543607739501060211403704548694644616344383596593549009873537353500798095598939429730372548843170323307674602265593742899090296526745548282956884882054e-02
1.4154212988356663245496989700673580514244998753051897940409962119390117377793094984342853460051817757588165236338386716937261262346863584693931766882916978472184270377708002912749390426485400017206711461505543518352178348625016519227270558215543810976e-02
1.4154234795837141328922949129163366411894236307748912942083278557760126893867789082595460801548484063822848980960102896144784548064753875124675493557568530747667186299285242477666174269611633959577625946709557063529851802236923141507169082407911685161e-02
1.4154236976585436136581954087481898962848117897127887950264991240819345328269009787972120516262724087011559197390829883534297901154482611652001340470170702434131437826100982449734255001438849239414921473912119334691546163915219606130184951180251284362e-02
1.4154237194660268087341087156660368922090537750726093131312549472769343938568976052262166794399655976462626150099239025457607308791872347138784409904981945178655490214849743551716421070003308402227019630812124973981719152804428810254819997144665907374e-02
1.4154237216467751307116932857794874689402913915288655817120475019090879818155993516129225292704764986363878985191928933661226056734741622302274273648283552533961582208564865449247707226466800304924666788688644190850939069654793286880212932250126517456e-02
1.4154237218648499629341516751918975046520697750485155443265167071462131592668468053369117525864238199260601612181357507330347424786658223193989122619932039603726639182227053776754114026633377800212568703677620747053942689693171361133803088958427613478e-02
1.4154237218866574461566445134571560063229021092890466790828984029855616659480027917447194432277865274717815797733271693298159406446868120388034369315243962006548535636562643700628730464249330551362048494794255527100431764844990920876732728466110771196e-02
1.4154237218888381944788962672769220383193011556899734929481171275588892412416262042410005975469652311498032913263274751535248080443661825115353914995446983951521657067701614699259725693140114383378567272816036036965685862244738265873282977245470833021e-02
1.4154237218890562693111214673588310433440825377278597311988504075515696185965938956013917019227852747000840246290135541857207760356307097440747001393140004138549201520541405954385398889137960759584323247403587784059186470830438570040183918605697230258e-02
1.4154237218890780767943439876140212678648189390248943160956082963254683537826904292160424795384318058538119564788094657138192084666499696743404958397542542977006082654498320582194286503987805233793475423262347797665403677175187038988525760739267021130e-02
1.4154237218890802575426662396420102835570751686338495022215722914704135428132725417975556592775870880880021141160893376308197134029454715136368458188825065573147205436595799330351241467553346644558194490961600130333489799698534874181300293002784427580e-02
1.4154237218890804756174984648448338850587026174963858573785571512400647348531409601026834300649892786922964186443605181331180398637967392358318999646848793334139453610901219939831980909396400366719237499822713872099035798349360822512617812698985597915e-02
1.4154237218890804974249816873651164922081893806416627495789675473984570840395749100016658818574517394054126326123187835271794200415089105295669648816149991003385124256084314723293684969971316689544311018368961561840725304751251275352413182795565148001e-02
1.4154237218890804996057300096171447553931312971387806782141749741416895352395069648098005176655836027621660577249033409741990118631811477672474777048729581858026532749672052457507829351252471317916324986330497578545757602676879357304958025792541426023e-02
1.4154237218890804998238048418423475817363254211903183734786956999553122914731263423885070522373591313605953956237727170876120400515810242632304959801715962586454532093909200790683222087023393143226212598352031469993872293216458934131356657180722499905e-02
1.4154237218890804998456123250648678643708918329194904020291646206873355877865760383349874444270702742487394148238649830464486367170182713003039326870246686862227852528444923974861946666476326197669463753833890396525908748373421454143531681248555125825e-02
8.7753430923247686192236555367049940901067241640071447242227690251796098826437392877716097893356031808727612776050340168248192736656043290406210303923654199207378717236569160504138428833149720583947075200555111657496149103328317668833051257550321270349e-02
-3.0268522668735253687980651414884119757797921530522954990044767223893397877311859805236572960579210935909461454279112837500224063955132104595653845849637183656523412603772844171245619916663687010057111975023635127529491457540706650575144658667877546603e-02
