8.8664136579054434409998144922051664575474368109633770333046060653098876389861538606455119529642314991043425308852712938981206265616081498166124729207094972696016911605984735086646821755261181777937596807265081357004330180758806917623118195278752656112e+55
1.6927126323782974554178248432229647635020494977234059759640557360109425398452766138029646741984588033153508143028498750729504460432546726287272767946376987944387253031500832280921357160342508444023934133296131346689132697169800378766692264669091905634e+24
2.3403207613278518513559041366483622193594226732341230110647001093383286072202727665430034070790446866717867243501188408292207780802082972539121373817622424861663307369254885148446067254626666343153343348301791752516846597222366160467083052559250320170e+08
-1.8016658491801730064375278204704465133380719574800965048607235202792913995087836302577029497453216822412362190182512020304566492160568510699892423515400864036675886405945084786690940224033534984678986908404883152405275920586811660299519551822754946239e+01
-3.6581367807484020113661847447000145017723193687975495817178006449764991928632308099105389529020948108665846137381072836483519911537846740951567374996149654404951832643961142048808167726712407599280991901334915596914143370703170909265112277187470695301e-01
-1.0343163292868450789857432125393310831221055077347646869712064642525191929693915367699343408678186706793397842088827632408939543590420463302708101209092114220272523961430404700521594717030194644701075599138757677314494207437266105712246829348188703635e-02
-2.6716054774704622864894552448241355604474958733363179460351777580587750023112194679408702865885813670081746413549396116178140555550506413470628541862015041864386596361102393902327655878951739331756701477584840840756895811509199971939875671650845753792e-01
-2.9942985010152750777604678925155180344860496016239941863081993234946821104634029989908724141733160296385677452747147487960308820344114919776865083728347887555445154488359401889659227889044082635244467491184764172581174153767555557729961569999064271358e-01
-3.0272670458500017567497586431697985488372469810205033532117437428332834172935560585367827851431773950908096146031161918340551813500063923717092727449230933865486660795458218394984198633270095240848799754633330246496577561926113057295639463841877277557e-01
-3.0305709329415620135712739148391720962713844208079401490153589047167281155507981451773880387158428633428178158676244732204353239025597555031556881833297789621161252669012061447480057779094378332881263911076445552706939284303615981291361218323289892332e-01
-3.0309013920169419821335363013124426151610312779682188250646379883211093153121647687210861350861320386470237871602331960644834491762316082784471845723406530405508332800536240010546286526227548403443937896401168914187901178565224981853060201369396843220e-01
-3.0309344386281823573607032022748726164630638771882213434160977700375200585321666277404264096045707509214544249938091829485697827035713922369765108520018091067626793893786224366109798801112144034282990273251898371988961477627203116301525288703744399277e-01
-3.0309377432963434588056579193194718986972500206534157475009261817639025245409060811093706915199193677990316812415650069952532724598145483277396209326672199209440093536585836145150036576358625211400282649979258083666549743335941581224795996679509446512e-01
-3.0309380737632299396295142585514730565929098485451360425667413992667354853717989183269406091087953514779428890732737779583978781853478702011207582681987538118481121716534515927401145609853200339276473479615754300464178624288392449104573717320398252302e-01
-3.0309381068099192914187336396330703121416085745985025782397076272443091611034315691894903367691523293329490387851845103156456438833610779963150218807284261147230454146432807476026283125685237459059702006005206271357842801284829055103898960411838288498e-01
-3.0309381101145882336347239553512967171874772311397206713001441369136097258709064619057696618944519143577766082037616253961946362389234891225292826493398147729330005099815537423229614283692740569244916196218959258836105357548762781870582585923668404809e-01
-3.0309381104450551279266936707393585071537040762492206033579487546569237375213576690809299099457384466443821240399353941353443827587387063363632067380373817488477623661258402167152884009747238628075797482701292314506931103769638790066767292333980792313e-01
-3.0309381104781018173565943491163672161276057542046528976913341905689972772518126761674212528024533459560583154158588200094966368417097185469270038422453202447240214226932926083203918588634689334855148560723635806877145032776736831694010022491864423126e-01
-3.0309381104814064862995914540224501524632513741146567088713978890289161454049082657632257983466052537128480324116091896631552131757411822161410260091188135419863970483625360710898095525547221924804548262003676378530346606312221136240852967654121265875e-01
-3.0309381104817369531938912348837422667913369732889403481486181693289421280283084543029866952908436114650761569494105055140671750587714510378225190547289916730520947826472081782584046683015190780365744777816997977221368125778095490079944657995886186148e-01
-3.0309381104817699998833212136735783164311308820608636791739323841399194206239210625878695843111759582098714759248938104909141449773444543305731040581472822013958299448524763080730936478927255869924307797226721103622527369849979052509844132363626884723e-01
-3.0309381104817733045522642115595989897771801665650836240815420933666040495706739884799599901371806602200376223265829766902589354061200658729001875085701603487821221537932946933438222711945354317289666823301347549310276081990262154333853317314418856131e-01
-3.0309381104817736350191585113482714277956057939919143773524879081691891686764590034766686957283419355153513614286006290210168916783800289172726714681335389420404221068532759853306474167319313240271360507961145752957499219983393068681536669179376679314e-01
-3.0309381104817736680658479413271393753042865637244016787500464721451129662373688859498376254700784141631447727225600613115609901787153047160435771280165439051158604694020988655034927188849368275214956747474660898610610686100161535093531857843298934828e-01
-3.0309381104817736713705168843250261770922230227675484912889896305017184513348815088941987785627942022546241051712373740133372317357828740867337852500877444478367594962298940813448972746040471022982756229351911808923086811684494594186499454943789138096e-01
-3.0309381104817736717009837786248148573413873524925621534070143020191031873091684888665529913933227796882723696520230845674281562261294264093472878585753611282476728308914123938498301160481038645827470886042538036654437715036150891785659706751491531518e-01
-3.0309381104817736717340304680547937253670074923032705094274982112103210368376495292001995473409688824656624377271346274424826810064798577161238868365494356241861197675873617461911636388455612718874108043556068419642126312662506039793732304958690703871e-01
-3.0309381104817736717373351369977916121695765433527234149276334566883202776838645632284537763366722508946263772842611361722093773173937161512410922055746897112682353866902218740897902489932576668245401800289341679962154826463327563428112051234834501103e-01
1.2073943710021592486727584317771718567287440683646923252233991017047425806390788828338019966487838346796245639207300168329749384818870723610268670823608286280775376724550259783883954893280735703917848491826163854398243897268144518787418812723023416641e-01
-2.1616303721039681492923404439447101484104225610826902573197153753948983735881272237671001223195855536581076165013412004771968961043306391973580615167101194261396117496996444008064495753661765951137858517735713089660110303840619821581173948977880521339e-01
