5.0180379056577190274320342694362297086741821593712157656966414051208214051138692699510981080457700141859517274844302305709789470701086741074194487913588513899330100443147364563607211662109443288557260764117493114415969651268321418733699573486920317535e-02
3.5822348382053281785457729795190540852667572361545701070285728673725526920341193494624818053130892607086564449109429451118040145502355204379451544366359271372802739084637280267519136656046191989203636493154178559959808197265026304845629694976014751236e-02
5.1028356725395020342469843058751110075246123971262215889545008011659442454789677013641919490803239455036829384030214696398981855508552992816193233007792382507174338612813083426521592075831796490909499782098837455409286748037947741380062302029100499286e-02
1.0875389939316471646944414737812688308889892599639543122955856990675143236149846060899316074840582235323420364637774677669991411506238590333534395978042783598028346739393995233544319519753693534453070050685576414687444066577650762440911752530524398919e-01
3.0815292649831730316771484582182165911181553087828430487029019464895599148239472789728869761108309210051882371854087992431239208092489381045429119067865706607394416516454763459993809215137581953576341290460759719729519226528104810614609456041180636006e-01
1.0879257108487324706524726013180011742598998786556184837055398307108150374600355474408748781354469470316221168509982050111162446604044395473533451481494323213898006897417472498988598006930821811678751797475632130591746528828905918463292841286370485260e+00
4.5925381592810388859142640696301717709590044887664569421346989665488970796358097270777584295286302630079176730986089175738074038780977185689241507271527519220545147813076614073352190411429759300443578950648445540115313779324183674762765245334125731857e+00
2.2527591953830989675266240864526563199235229533636365866164189370312990610322105595311090809456333789123835428301497378518312683366953710837421756924744667269612363051013378004947593267984695304524835717264462834517027975778843017458034659772950073274e+01
1.2572898050187010630903715801909451932867238905057473264972223540676050486674642314510080577993608530250264099759985003253261065851890583534742160996457988330554409841458926156452286371360471819327146587648450133347204354590839711146082957118702651404e+02
7.8552599633061448212071341750737292797912522267748703829703622779019785699308383748319195143084997974445317140608348523701894906492627306901977262657377881219397093315606724161127389012731809378864309811893974603537927411701893585036855993576681805003e+02
5.4232277106533869603740724936517187942271358165584156769867194871629756846396231207141495092903189230972585527817930819478422797478050785006848996212946177520431000704472715152982751872838692369879395514735510063916672838845552084742593963318411184071e+03
4.0935313126984516826639020967427868139663932478704273267610397101822543895204967624985767157640754981834429960135214756656907105648996786140886224324932338662010190179612176408353534751629996805752520218764899010378800316121173080299859251176515758326e+04
3.3479611487713105447852958667711817679212596690985727340852925795038586960150304221489311873130408243933267280511485358444485815356436866548298291844830523230528618630464737133012169407105857987097962094599662308768449592761170934209855984125518846027e+05
2.9440220694753076100481761391180201175077181350058364691581290509794673963110990013761385564525784816342112920176293928598879751818063040919181656306293202539239503598747218170830909474147116513698422555449409414675587142172634758542444114516537095872e+06
2.7644848659841411222412266380169906622963732728035730640961183648000625535190335769472791056275518793422617619473694451835155348856229935579771146514591453275759549167373457911444600524426369946439226360871994108602782966773900852601472699668613476510e+07
2.7550106951797796093947585479326535915567876380441724495281513909524619201799361938896529020693797453714140954064410041811580282592032005139680189034584126070880861618060428836148431363782764947058216318238138409853716644589709563580406628896637540028e+08
2.8972738332677866211637242634332042346254847554844070953844768688219545435678498447994947034348323377595477988112647570358903680418860953028307415935239982550864444665757240527763827047030841958025196994659575176708539276971699594815856543357700643917e+09
3.1977651374333516565917286951499622251725994804920711777269458637520481077143676477181655369275327750892744869130689461295041919299526280592968608307097986614407107693817873342469098314787068259850810467689868022797429917677800359109747281028623856770e+10
3.6842492063325172870635927946541850175291554867952984333808031277216252506485849190025004588235437525427178788174932278475379659204905985768753832011550066851371307856067032293263830175071490818996272413105348677436990188613326976600020934180625879178e+11
4.4061577370106588150816483498463377875206734051019916974218875070798140041948717434194826776207725012823040371621982019806455690206014250853244181071312584020984973899179442627249893662778525858501076325029027295631904543283921471065230033228734756137e+12
5.4361523971720479909974254383098648566464881074955557646057248754927217849443033863286632150641149271506350280767460891516906094511002564502377855267655901892704629956364943367981242750667327142073862171316263756570392725169599913739841186846910588976e+13
6.8682595425819904852687107680410005626751625930001830652248944020804167214919795174826536045645316591399556113183010528151198306862204983756969874899546553484287227171181678857073152566200937096258002448430495153884832772393231866290368005119791563397e+14
8.8013937523086364172740444569846562339720052600692061216389305653345615425784180999245649829867575721922390034876989319322100584532495609845855161371307392502905479901782294060858681678898788606385123667149714954188494136773916739693794580759047509814e+15
1.1279619831186412259717090695034551373854905533223546754143944826047858227160935346963990250927166903997875800957993714724937768557500100780292807985718911060362512128732937223112421757171398069693968785001902317014738183570653779154580655501913219475e+17
1.4116579397041048315188951861869819723090898246335663048357517589868491022699119942977990825655645668468920921802359382710999757234302823037651376313495947056049033851523173858162159024874912482766183668472054405646379246187317379200128728505600379745e+18
1.6422520644007784541889549932920865236892756901270374151688447970935186753901056218626105409422563226161198270840213240401201907058214464837826279495311839717811016147248736010790510717744903818227789115095026618228469187064346645106352539759268701193e+19
1.5382576465250141599409569487347289421446221361061789456928923022511453824256366392251742192484946071027855239646909486736263673592006589315647037364640074447876663004600594626386678881672911527524401150527674846722349568060296651733825476471840163984e+20
3.1655457232281354177147726789682562314539796813645254430026500399138656755534620831896868023052706952026391519276896949496475287017649676475640335292094671477842885915112428340108803787302794837187113482469033922044388003470184506788163961776299391719e+20
-4.0826622273220969582103913430415250517937277651671797836524870641800922967603033308195818736406707673357331041786829714794186167022706264569775573979494351329790591994989961488326033180144413162266760294408167456865177330224067493745030956814054452185e+22
-1.6934787754522131232180416183347658419222529714618341217308019553892331810357346868537512756514774968685658511094559307687653761315361127577193986422765005311196120345047967419459767511681247804675153567307106210620217431960295744909090280498664768678e+24
-5.1591356044764477914709520255538561042863651039606784182474700362967089098216391362172732037841261215104519413817446071840842170326898092977201167125074432037745207064320388309608039814900605507451733810369416065456923360296838120876937168347241502777e+25
-1.4172471054776613841189226217539211219086269292947282106948042050237346906297055085585300371529176281290129540475388849402158016968873980941450024029810153159697878144839109353452836267201628748200843131462723012439574382204548439471508325183192308227e+27
-3.7238553972537377422263478813233110891504772752875762023935640301225944971910382253877848136334027316824751246856148065666245452423337591135545997902558669469093518990214272881271563772779754466784804181521410486813115768234185865119607744684205291248e+28
-9.5941817940811788143065643205826992784498797695434074374303184509253460192021000922510360617755635186897175045392415619005631663805979988909592838069164192079246664859883292254339477931278184653995946886417379586676501430285730595722811170210816643354e+29
-2.4543578663002396532612124680754092174047300701957176736163808529966661800539560996510699746990553928329398859409876075775673012979672137451226475194942229865986379196825336498691136700942583467713133441691381851105917951142307207770395533012037197296e+31
-6.2781490632688305095451471952983907978402406648391348022224797263280931770422694030551030898179429136764379143365059934577109815770335888553178028853155600636814947974130118862267611678513895404434143604006156013731570789490828689345014397829803039593e+32
-1.6125215552587403609355947075409408812243862817161508546997044850197330752255664738615069245277534376105093423015156482584707750891286505052222425626394824641984321299417731222740428693999527352814188637667256520543121398487238312908820014744954752879e+34
-4.1694711903093418656298722594707319027529710421450542611960770265721459813635237721354369029381117353292229700993055725938065525528725578109807490751785749017459521875239502252389098921895254470481667107886130032015269280744102887923599651216943874444e+35
-1.0870772728009032103355643029835571694506184059201495211432716924565928148702572647469278048232868147108890735825569630541089207106075542175235139541071037953360653283689700150657236628991807854381960350866208175320440746939634966118049637302326610237e+37
-2.8607563119482148536188975709214033763099910021281701279827517695836562986508918678536639929991416404759109347544711332084732819227136246824763533023426919633359526439940285272769907453977037431170720509904504333230148881925981021685742698331830936014e+38
-7.6033441813291832604612659644271202365163917662764281941371408588892446854753486034004145135843090442688158795291476825152306820423830077078108460936204010368377885558225310873547612933848249920119499059480739761466713997208485238584793866238813808504e+39
-2.0416237477740490809604826266556621941562116857160151789939835671531778392337164239900459000593737697090848585093582567816033284858695666140101118145606839609697407949938974523964297375373936051056633153337134739294352847501805067687121564751277323806e+41
-5.5393132065880999064068274438901037431701450539340610821250610343818265597934544112515466565941178613646179788903396945421325742715084023021862899347918763936703136885713357670595671226705366665819896661922677321058951934145993738431186941404518994501e+42
-1.5186207651208302027318976962467874231209359776473837941328705898715439346228029164070594157704288881597294480271885914241499766036263401170288577826591692037188288102854978114245670083162917894073541981171905001621463622126163935985881395588518165588e+44
-4.2064790448921399125086023125645466168847044507471298232417608223495505989444259261033884274115213761003784720720755734846159590695844659629533396935567101785057015739165577057413946943550557801295969985052813933367728612263218837941474389209597943474e+45
-1.1770563106740866011655317479855942046692461002722594341046373358616030745914379308534582586195639283206503003898382551681426208557014014466040080856115576817692512511728896122176846649075237127840383604382072698577841776851017075980753198946011484975e+47
-3.3265696348619438141338947404112783085575609210219110327753135661667308081866129046719582301037389900299744734493539743783606702998831711455755119563436267351617149421615366219736498015845194249792325847423349122977259130821901400199511903169179758644e+48
-9.4932133278216493536002177393319167095598294924612983327385369643973643957261912634196863360006342946752081860356916232928401876449249819456213208363574523935665899668550264494306821628795765047944232868955089932771305351808534232827319426656546140392e+49
-2.7348436325273448105029803325942821088000070672275893319946005733930848436521219209283576750223326420632194030721781881277395717965704451014867891831102913202356854356684392100834898726537636127295033601380728721436491524560549881944168270046444636778e+51
-7.9511891069119226109153099472793807934191755418554751539464441582557114172825488830118756169578495953321271804821449929320743882976895743273502105551053566163405404437176573402697561958104986237611425887233233933517877588003664661173653355199528861099e+52
-2.3322999560444622452626737003573061365052183735889391665380184771124057703251486143184983284282776972527707039045076993795973141298389375171804367504699017937814246066004667064966758914987063724145635061840072317604413127506092616509603854944566537444e+54
-6.9001487776258565381803204453533169107692257174617122853298957960090056360562912997073665655853795532044542734440926704085105115304598557965471507405114832350746058141129774889669704698835361141459553250026868250356342806352810685210197543681046572257e+55
-2.0583593334933948501285340790162768798236358605500417794708879109923044540584571372055717971357066986895454862397519557250614782182608753413659184280024827138352774598707052819335545199419706409453886560259758598283195044450506884473656073969941041686e+57
-6.1892582240979124951420585613687635395755279042125136175060584254602262635827959102367567146818936022356391846929037843498252226427326497618372538009765180008259561461384099792633202371587172301474317378127619682265806021704403991813900365609804307746e+58
-1.8753247968985636603048619562190634692117406057317303857615779170254688394974430730857966218693810763882767325520835371021642739804991544157429748379153054911876746659558143366397960927905700585137131166731064227297667585450434622394180012885531947448e+60
-5.7240197839196371677500543606480964640287987804912502653128101690298811574186658557834256389247683214899488714075578638399232928723371416256038933134821792229086180774250611937353155837300990991483013889754472833149769603794272389105701034711884384459e+61
-1.7594609890453704156888904574797299060678572074757506866659180808755767782790863990460503049403733789129379993689217600688765863815205490487844301655790362394427553734750502498273115953883478546284601361123299868031431689645638140198435699404268047682e+63
-5.4447812463983774338498339361968268629938516294894625241766395345774026817748592633727146564436734783916313827466015993934570312535027322151049430750965940684011438854744336328818359638453123965374129041715846197393107857497807815606126623074044602921e+64
-1.6957951764524265158543155670439453542234269766742926506490557298690018776620164754485900516494241759039124392484987487628872656876388527215735427235548120686327793348867526234747595787350043052238140982196348453611818379638763981105621228709243016541e+66
-5.3141044788763872134786734897720253020701633562655250757099867566126554281636779820783901368898260934790807706801824541982122934193526222182986631148110943852463960261516417908592874177983388751635998671350298073936284759757742016431818571665620239553e+67
-1.6750350172981489190010128040612335183319303714652352752156842597267911473829788070622775590071457447690058076963776774285563310454638539132202888040066721250625999855960336265663536867027373081963062095572989067643581562468435225341757436976249792396e+69
-5.3092120314171654465421175651647096908944639126222017686038308983275003979895501804584443676328714514147386778034320129185067237490905829212466840570398638251650203694299281005664790491595749238506851720436230830586749598834101504660353552976694315982e+70
-1.6917096997266051552227867653960356681186078621601187863870313543116426632338065837216085885228122655335220991289724321651181598378073222659684760955641778970223648214478924721760935422421946876486936804741595932091799065386659614062510337022180694124e+72
-5.4173934752164500863391649380875744854800216155447231193060814677288382472281603599739136779017298921689357928527626934604827738080231261457630222178911114316890366197455641279546300747152527742213177355467921104667251480071100148488269003170257643827e+73
-1.7430299332641353467146904108406870633397556674832484362282755630992123592548780988368330501560258392982529899443654320609590294537502252494107635841372344044402031841745582065134271204265962949502938920205406508099957167278480720322800295140035101227e+75
-5.6331633539318961175829425484373945907047523787170319690443758667983761780493124591848459006568612642860080274984195909296340518129695697541776556373606594574995721721801841105182987702498242487478428387452123823508858214842936102280179057211900787124e+76
-1.8281756616001334122089480052455387559707146228381708741995068203964873105758573264724077478931429728066248399895618457596320560327198842325217836967110814766723791019773281855218728999498304850257446816541003213980090451785302508014456340464155499114e+78
-5.9564639260310417149297784924229773496285299933606780361691083005549962265215409466836784227235210171044168084542605125096823848142302931550440320721985618677136506265244059466666634002018705055070145192834692045991742382273831430791641895748613618469e+79
-1.9478383554003539776849322092671771795001883583793082538933903579841124581529639142177539567096260720862748012880984741349429896272877514531329511228719779458997915253844115453811281511090321011325680156748897737940142939955806685544675083911352408472e+81
-6.3914839874529879323033401155118207528593699522046365968551526649410554140590856502339126155777857616396686807488011532475416491720621577294297842730347198507650245841858986017809221633554089145445389987420773547738106107339325377544041636184926624523e+82
-2.1039103380572690149267923865495235690688635519384791311413298064400295728969902954241087294137629896692919150541614808319951765563504378379649168801965424764823094473290062992749081562617556050099379008009577815854225964806509829150064651200884724563e+84
-6.9458196926008255573615582305277750059813764047702138392285715854156553630843733978643712591933490740696745190921517961991479769390890897879587563561731550739260243652334005799247078593364034680471003904439213677486254634010036199381303953516422364384e+85
-2.2992499764433209604469247216751115063758900977431944080274383820967944196700597976637300780610347342706579923437065205689974962398811722374264580553314958922488364868934193614802280240463270880308010639485738360593972021837519814587677675213700470845e+87
-7.6297885662571497061806065394776761369687103102449171450321535761211855748927966335034849384677866506443399715782565352004044080215349470124487204493126685500592816328838294375266351521386571062742730388602673087223322748497527413113251915522219296190e+88
-2.5374714522251681258580234007661440256931645418990671193429628267689441181984138330258705160274680734455874415965928830370747258841443634538483888370062241906727708737605130878383726212317443380231498667992446013806833824849646532634343848453737996631e+90
-8.4557539800177024155584217346172186359766275184270595315668214216587957416290926779322939160034801567220103289734706258752802263839786533884693412214958405798099692188026987688085868261391811956621237823094351593374368747122577575163918189439961859382e+91
-2.8227184609673582975400828852005988135057943932819058013308742471610350500688711650509169111051452792591541206623044133176769369988287357630262689478305011567313831498507368667959759851712348764278177924696167022958333883845838302175989551482751146779e+93
-9.4373419648932805356743484749014170819587696803439074903783687499406959781800338649067206024656732745443835714635484573582590526082352195523587177363831418173967876562123105750104996125510470211389355670262718012224657614863210936719780134912077864612e+94
-3.1593870014846098561050687638942215878766860105763538811329985869071675107334491114392854660334307725444033036539060589866853337143277253729269494341543930195024948892160522362989129992388225990040628345878478311404413167664353630868676823318043686115e+96
-1.0588446801416317221637949162491345047123143760168879678636500626366440266038650353211295387123890783415360181759900478533488912403803530048875867734859452788896270320415484933927027381115750001105874166579219400030499940924014304905717279998964158794e+98
-3.5517664848001952732671778458649712217395099794297453035035524444074022943801075417592912640387648305545464677551540265959332042433880505826876695674390775578671460968836440859460487307256204404866180229209903223877761928090483663801279356715493299895e+99
-1.1921934916614219556067622804987918656526689818992456542492006570918616304510728166760963661651470554324550329892456410957292113198580850864472186638828878655759264783724579952448953178132185855199720447569291116818962294183802802563128773345883729935e+101
-4.0035731820292176744713206491327845832619848732917530841528543128935784688702524027672881425978946978329297081684954470086655783068693656014159893444162690038973710349007025072584843634005185139079356583887844191902126602280351574996447104790444103968e+102
-1.3447975590896918772413865466453928957230207139211274357411120183887275317739110834471259811918083700772348258183808594960619752658498594734602033544941649105312584608684146981745879891082454567471621934016438286812059512536034653434528325076504181655e+104
-4.5173577832439272375129026409991365085088580150488844962038501034562189741856883753527398606011443405582833285287980544628248061019675377585973500059651429905669113158110966894140650873749590642534790063574761397069807936659374797988908020491873811262e+105
-1.5171958689388356381597068966768954352443028825904761926947278529278936165446793459814026747917435426698409542827401400888532144538523189561172423316319661568060984597477738524538003113452231930006019147560242522221351884829002167080207902603512866699e+107
-5.0937816333264886326581208281742944966735622285765925867078895293912155650812224235641439610194209995914503067294579211649471418041551036464872717292175919319358066585056830330382369056467124815238148736476399047888666891376673039451088128124699314935e+108
-1.7092010224268172724703928516440461802826219486232802546946036151387716637581719077644772674614429675123893578207832782436088673086597236285700673645928851087220306893414806943471325587169801863475182939663525271064937227009782090135836956624558293393e+110
-5.7307757733765822027445933452659294944315735566029212395594259011349551992292158966916175386212031421756342865375489598564815119576749265867203191718658420457963315246526271763463591443548905600067765475655146745233127503030901333365929221308601679309e+111
-1.9196190461136001705171094945564371445934306693852879814077746904427317117618962660676668537824825167283029431126583588528574013630018977233512812508158740474803440266752289705289276011909522743764443390139121244495041860694561088585043508813197299124e+113
-6.4226241847217907745352976484485803840680667214331699980121170688473687070596235020509975798234367066039470282163951815519614244672745841341015840460412008367456051259614547371283004912980764310192595725839359379998208116198870443622234667415971252782e+114
-2.1459557474357379665102644535919543895598062622783113886109020368243397675613809045490998868020535351823535166051302212764166156355461080957001907361048839649415091774086386117388941592577330796325884675911269080794420206325603577941259548197383274123e+116
-7.1590470983397696273729091103758817674663459647737995785731290540044926582610831181599674895988010394478462645079246653474205405116811967624128679899439692284108169686557757165978257431124913996210705971629887844199999025751704857689714709732875229285e+117
-2.3841396723654253767156779601319597315331178108752724639436461288342777600973903254806020270200385832500330055436945972459046429353966823011283184804669533332261634667909721719373676503798801042753698347977947563588040703850517319358347516978433091743e+119
-7.9243991664112366848054874017433897119340517252347526065505261031121666340228239014744808787205411371976527556086317732601813396309614545922035110218684839318911145851742223304661826835022652917524018814673073333676392295463783180145250590580678462340e+120
-2.6283041353163470736396378348757555523261592646192037806638854486928901100336007835953367018490080205072297385719587620554349081759074675983285591737635388908587115206267330342975818012073979792575898932334383820925869943999091580018038030031609970624e+122
-8.6971350527744134858958750990573801504821432096397438713771696501798621418645264030787302461609284825050248502292361670314618276847584435849627943840553139717622016701024482754192981699748610377376897356122344387769164570451687928322665356839481293173e+123
-2.8706815584414541137007532235458784584132205114202694715298563484725231407751304042428424037848466620146677607422324802714399046125616732054370969709869900098297660412443644723553515967438062538911367124259284805481242452992753199523991607184440435808e+125
-9.4497227392058830731907815626694290769684824249990778402384768958292141244578982767860314709169000154990590175597975811515596811644184464092692687841488505188806443883171494682453637166251513641331768941579770103500402275512365502984158161324523630307e+126
-3.1016692147590317368448394099265896187834595290324110197781873307278166110824344762704697132026328713185556682003767174079757947464392106978773408851373884899532458666955833141354681523033215795150037239059139925075296200850116548112233983219647750279e+128
-1.0149191031971818207145936539687000541802431227914933911966101451040092983341688432382891472388340831883707426533547598242793969886053092018070155622736514225161798842176467995693305617380612227798949717757021220764843820703992845615800767146046552012e+130
-3.3101225219804521440215835582316403361237662173473361279804966509115844723914396333998485147139987650806252264038527844469595606013144321859254413099501444988645521019635590262044969867675695872008280549774931252446870698839774413371772521062359191036e+131
-1.0758469890533734539730355958184428917741335642841121497154893646474577390289397998816555229510319964542856855386784459125255286714327726170771704432415057913253473363348562325083289636292705373053031063536792132088252665677498914230970442866882789335e+133
-3.4839165211760954157225658685701684500588776571992678759113979045874677165034028629939088685257574528026475614412029461627194255512218955070999495959137914233257465044516977719819722186063068534049122573052827173724456867123726894678166983441337093226e+134
-1.1238609958822910194857572924883186050128803372606505351042311572892275041956874892899780571830733189489296334380802577937480712828249238884919890673696491541452617669984212599686797513740642683340688515365684651291095219088249859618778010985689448198e+136
-3.6107856706394723598064135069840996739404247070954855324007610931439386600680526294602167247653530975233455777258096637510417584649023933602951138994788105787149247910536343958727215143549759359181043703869723078226633934705809383278548467921336716519e+137
-1.1551847227250086873940824385206456379605371447470357613120438385083120133952089082429805730889544197034481148923003003141699074719220096874150513842271338908305629554293646984096443053421946963436865572187442534238498439216502303882993397396061504518e+139
-3.6794069699739472933283707240856172804635359465451778056244439924958990604941524460818034635543192150662622168584099427254246487741055873751922140756272525190091690327324069818907755248744169685055821693580359659309247093659327138254858091398982359889e+140
-1.1665317426990397854579704120056221066654854014441588042956852317329835153222804779821779363038852318588401472371118767333145514532698284183896264800155759851573307506173396288657588959505976615150417201747946818624834244424458438692211669412354920253e+142
-3.6806362470751184660430317768179469358059448396355059578859607076667884560715128865418386431736488822765867532525270631823197976859884271089941408838954832757128160325474944716508219346105521256455674765409131271494671562347173021122092015609182943038e+143
-1.1555044523957618014770187138028096875331027570771355075776577071656946349578883368809869996842601300173574901460863644334292331382658605174127866885940635819815741546195587847364162861286858252571246617962244199015776761192261784785753563828285161089e+145
-3.6087515681770868124619921505645684546985277770831332110391117956453990423118863289907325746697624154102622740701331557812033457268212413370845741548850710308231829802976749504728663055134247429423421163341716822029317703543150323776425445290552245923e+146
-1.1209665369874634709853949367385308472560460136543081532859157775091992417975135999280562852733922036107344579242288338171595272867337910886310942562278175022602328385863202283173856426023725036921858790980291034273989934661740054866133333229453897864e+148
-3.4625147065826411512063745025253289134607165574471293667241444474171654539566759041443782420214548251329245365983494405813012359117507040853153527819832804333375421755782013241967226410596991110555659472424677307051143899571081995413616115639110780902e+149
-1.0633255024517577122666328090691975265838747299993749185605256875661241617633391557502578454097777925671927614735159744618918446732167769725484184457572453444947104209387490390251766192271634217823448143235593910976726810404496020879580104514132481690e+151
-3.2458466657392762068987158102407020729018743396227847450187704986636371882029890557846105632225672361463068763632353486206651422713088368624454900186586832184787805651943912542136430967813862804988843494686150220318920909258498425335864622766431745682e+152
-9.8466306552906128066066321012540568690008613683196118045120085204199811352408586294343827154151423669070001918581788624336120606946019826042415310152076173959935134290060898488956828162936615945183589074815524120578206372924295093354494479661240352682e+153
-2.9679391424906996724787011441112347340867259827251192122033391715818197128441056650530680879815472877656105531969495957207677718625987108803638976972650294967659299666439650752214436429359789759785753131708247040048038878859004762377417569903723963378e+155
-8.8866665955224360241742497064624454977967040493421599799863087984372056676021563979475657654123734951486840210713193127631156241126582525348145911359995545634092578484637223133990054240716457343967889777448227441266789748683731699196628981771714133921e+156
-2.6426957185953004861866993135852768756628733173666633524641668194767077133148996664240939331519669513122768304270660422443223641664758192293933346890043884535573789483064481389025493641604966406323929998776263262553926149495929276424178455664901854527e+158
-7.8034480068036659096459168152637034753525582690423322321472129908287199346281278952616221434369245452057146672007532075320299266386275902364674983742018371195577605972589385683652366653336550650374090671960283128284639555040161320538651717384265430787e+159
-2.2875077824522325334042822780947634933637478136095807819699268010334523528946471089026435615404088776784623585705114660745757334312250560889719513888893422912142036477568009223500912286155759565763517886285792664958284043060380571263924820947752829444e+161
-6.6554830666747846567856330431684936509827689176620610633878640152671555425080583461725665554713990994058631453108299489461491505970559883963183631890325312301752312578231735290839536169481267183092457571594213790253940848865654293382791709849109543927e+162
-1.9215006007421975112986049615021579547498932779436387396689950367621935692715305497703959256272944097829511497024681361117318124307528333985889552576611114328354462712888699488960048961938013912458363541782301708273176363432906054043801918364012554733e+164
-5.5036013849114442101472072469265538883314401805190041072705317567389516057962928308567522264387888730150590087295629450213021419148870576170520339807265374840613251071232070301029618760872306204534911568816126169672409219281448460567827925374778579889e+165
-1.5635039868482710102990347449725262962635849180088029903886281423433375330670918878741546558623591542527018387934659801148726812077945565749901075659469539073261341235452945331645077786799975302511326667666945741321752088338678223904553542077262442954e+167
-4.4044843925980358933986764275997795839081522535772639991056434456936680602453879376775765051279070649053130646525290637303453614131922162946026057701224324992946198381372007065058308488952487630179713695132416358826336467714311786516780680290594063508e+168
-1.2300762308126026978462707154585406591807033053119746828654174168989996870063078200880791215287491794396890612826149921066168729235547919209164732817332535269525639478198826863789857043516055087615473588222539589707646474336841922022477830390612272063e+170
-3.4049040659367956754710392242936538350206579666896699033171609371948250751119937490798110372068081208180040338547227962032462417104744261560010167105278159009249540769818518239827210162826084928229794011545634133959377439975488345251477139186118186157e+171
-9.3391380080001749948046298236376535736580294498468620209773119403424964644497441667377930364200499657463486955730741917063465483592597925827979130611290508256048128981051618680136014041881245439150851140621314992457056967787599954226128451441041797491e+172
-2.5376337420772081224218987785525782727415842862891961123776646393330758702787243842958310973963086922648810170104299257357456619994790049833293356382327739361811342580040027148578563705718124754969426793773842060716519388587903746265786762309471690943e+174
-6.8290517094165044577062028020503705979756268906375338525636765303612390100911544958832778023118037827694528216677170480597646904523796125419131703506362012924223300293512898057657068659123311256854556365760559676419050850737225822084589030485073987083e+175
-1.8196507593723596411105211854260645768228026785154029705855966188632118161886058643204843654202526717076272398871173733338888183352057434307675168562307064248704561418910918298747859601644411624999131377026718447977001332187056233576698841695253025754e+177
-4.7995044308969460115285278712736127423748187370409972173355552043743476673436495431987882556876304813410075140607154904015762001223456947223249740306795203845738261984820997699419485542153398337473202440420663639576256525202279128340475320055954301383e+178
-1.2527589886547468660479370948302356707531022040932967713462693470235529103698003766106736617816763390047034317646575662990318861403934896722153715810867113747216226155255162644661613633746395853592448020812648697078157317896064747617473608198080981809e+180
-3.2350492377954209395338868891333418993116153321396952544058221782975866538239735286124716695288803424747272645772235170700074833290046814472518979335179820204325055891950959762796787431351483788031152016976983163081888587600325412665427184327842450140e+181
-8.2625330605818324252760582119964307215550185437113382463475000008255464582632586380667337223560630729588452089896650072449746589539079866595572733366566069266172108205515937172750028111687940245066655313975501423720802871169774576526114956057069970656e+182
-2.0865955659653449179089068780335348154843199411498592881980956803894586940743935841504827739218507841517721993446015487758447824029653237542533426274385431990715771140111319134153489623741892247107053138498681630228839132393856533586639201512279430323e+184
-5.2086700285985213329612708278700782612120757766546715688767145645486822647509766139427398409140198636660931332965033761253360647027203130017630944720469435328799477389022072860641952939156503654055660097726122415450163145386332819555370914667043727258e+185
-1.2848321868332027944057302863506406531459651506361194316478925142096739540069246266287745961996246353474402819307311387855692456246332864670610994593448567568972810339881335645116406712289202661099172091263817072511150980602009344286674519289175327218e+187
-3.1308412348208993523215450332949380722296504435166167227279974931928625099829696946406103783170352012985695553381465889688540386101664642179826416137265065861415380496063231298164365513958099051277340592803728397717987285726433012733722047197762952033e+188
-7.5340971784105788124251271709801461591577478647751185256950782070172654867973518467451294153968455473784239098792812387544773746924639804384233285577939968542074277483828030425825280177973970314662852193525180762202956092129018517414269667296582515318e+189
-1.7898373201372725672275943332140495252090939666061934231875186862103987420702058152037786956464070635886686589115951548667104688131251431881064411360117209562850601968445098710847286224936820121493796842646401888588180774988536145245028488896191303513e+191
-4.1962432550956419719178772003012595890471361016467064517403494053473735621220822765827025711236196346026691401812552655048830297624126243473154456866014813818215848208559432871899516385029516980918311415464545077958154369658303359309508618467348129215e+192
-9.7055647027330999151309363783555341023812471980066553984025801215432626089699586879730667374541145811595515334316795461584958097295696263845263730430505250779783053427849426703142740543650716875602289424192873652703609151873315352854550785458323421564e+193
-2.2137969327576112266661265304728211486033903440685160491131291380670363748470897474942806348670272739854894488537100676462045593861149560573763508893167643366474306819211467517346045467937738318717176343338568391134471790939257345951014492061054157566e+195
-4.9779499581899819145756900204355858402993259538362319414948732847340851685403236133840720763756348027892259412226079328153212079956544085203759730613680876009425909062667415467377829645769832565356982967726621085984534677422935352849915336200065256024e+196
-1.1030441554565194893766020839247895606546365592792448233185283290334091078659445906773890769457478354329752812992911940566016029635306719179496937400207431932900345432802146104904146555667665503173958689872920281239839264602223459010678870433019627029e+198
-2.4076499023277458023380676408174447507840635811767077858851546166659564318070011597168896298077991264185654119160940920413953541362854185347204499091630891984117370455381111074499124638928709765276369968860474522238806663734374164105920712954186270664e+199
-5.1745731811424221291092465477947357524589125353452708593652310792015427649221332619160734429237665435922521013275574032554039650645180500880475959174043889269100771211648927786306220497127700820376626913166168094721042002795075713906552583532141354927e+200
-1.0945940168913114806422821226244323536859016388347104657403762036010219722116840481809475716764230861550919376181481217393173890345006135235351236687975577139060844494923051245415274584594017354513232241556565118907745609972152524355054191853616003953e+202
-2.2779229219146309333664732826491744057615241878733581926335244227944793658675687474438568255649080176985784277439003779427610183964178344042887306550022932533022375042217630851986741353456234645122883656252598408747593179415799535981521465981181364190e+203
-4.6616058700787999266566625957476898509892808362758558794705612639054078356457666204900071444004717475020727676715601486157905701236408295678150070247800537171029027936824993991791390223138623959924005432456921012250755042952565543999507182121521655044e+204
-9.3764495990476181571501630932117434787503649570125650793970527910332381884592626515894045038908697567747648293706011655097495052975148806185319437798186650118713229531940745553043931294657657958519396941568935256805992207772227975700056607009025378791e+205
-1.8528298245497268292035558809851755167336215482094023533746291079038743913351666779272410539159597584082841935363229050072329367910592932683596574563481055916530584990848097960095079259756845572731135100994565140494872988833139914316933183085481646776e+207
-3.5950617572784891088441817813816389620128587309451113234561350813972811090439492049750135729485067090559559528486821143547057839196995821381685203060692797966800119869727786065248573173334414090044247333496460175562210461267962802218973040615111314149e+208
-6.8457551297825595058520323709674232502847163501456232450670998424809372815851435603541342755449628202150033886152537885637168695279197730903945573498822393834406471240382013207045992897824826865446668234450965871676531542915430818273704860156702036139e+209
-1.2786196424296932138872391149812635366535923188745958604948694516899201008782130729264414179228638604347827609815989454095818500604952684472622222500783016888808675726649192880756316208089522842484398121989049533905985298721176304190658345004089640095e+211
-2.3410832907333178841366336664180203698737782634325588097139317368376609378655330258708540801644491751130484601700504647442082727681553785559405102310414344732234091239015546746179954809129899114879731643744389058681438742986458173626311972809978324737e+212
-4.1993995895064848612174791153309018207067779472841872085281430190458546538098237026412264067504747027598335789476851792071440313330235250955763909281398959339717989954679165816942054105723679744462596643683761241096750077919315636572877464195422486412e+213
-7.3753015722483749013233108646786029760741353374636753420392564479621156605700106774089797223242300533490298444461641584577076209541686133649194060581016890582610126956037958537371844320719009744960335037235643866612178513242433207433562800158527276822e+214
-1.2673866452251420787996695303469359628232974936533662130039184577993117481948258528153066309253608931251917260913133365513793177882855592500907470394688822496139903848561635410305921384268555991173881054872014551864776970735710432471452476398017102076e+216
-2.1294911426268213918700671607357059530071220359754393600951432278900169052563790416765295920988003865862648350404347939556537372412925301915996420315808666644695242096460216888257645263510733674038053662590225413762520763198410281485737076181247837855e+217
-3.4959521596710181214564929861318492826342173516143950904344012521858356623547688042942257887585175581315254891113429897334641990628771762907415895585862636458739233095544421756601268461334408441867045297828398038353642683499079482792152394963777008267e+218
-5.6033444389246667533655363954490501032844228763009359110852191591888692136780111695728311018583884821377526775314884618784777605050448473162278270693390699010217646862803083989738486906634588222877246747869373972334062743871843290860419059792299533717e+219
-8.7613881590372202438178634072376849259713175949520379889892489782790590239900853854038919968052078304675786363289992570030038998472369613114038972401534172701516483981628984017673037542361462155028070698551085616465062860535257226146923743041418155442e+220
-1.3352869333126376398968920942026969282730980228199761582816304837659016874748457788661955951477014576237683208538030330979022450176660981774444792154325527928037789765153762320084131327280020168789158668658059177496524413629591627275733004222146490051e+222
-1.9818175256956919727127008631369669554643692663010913979937504336518302608727828032086544016551212477636406724152165629627426052347713855130818208837161215472205371555502571571277531937000203046840280498964317089236452624514440080672792002648905351552e+223
-2.8617287791268974179086926726822748418612465731624771203335434523248884781719905217388090510705913470324541093447714381711629901538926593652365792312299010793045521762787321537223453072935588028154914559954958738339734963259820468750811325921300640961e+224
-4.0163560396277409548116138293630450064174509565931626061973444412509781983900412449386018492994914491542092668039195133855166424647944995589694348702819369815933463142641748371264563596651419291528925379241345168726287432671756507784963275102554409732e+225
-5.4728102430429833109054538732590977923786246668577289861248464657478229766708208059018886542777263138882731310667342817571919507498586761392670394368464988643261780450703939505427162707634044069288040190073457336462453346844860636694879040212222201761e+226
-7.2321604657230712965905607458541569319880165587924397120347566727767108932684525239153234038209913216886390276376165878750898927322307796047738701122408055690281905946451582984827328816174707772717000905901983395221309589390898230557408755968799299664e+227
-9.2571327635892932580874722521029513612878143337820118853775765035712956818217825699053085437278292108066912683367405151647567912364153009750981309691543281112588843598845821779928549206055063099828279506342216187194506233752435994973185368085616250065e+228
-1.1462241977376781000977197652350698192255633945967252821776048459837653721191783143069431398247200490355471839509079563044134167337245514166878480830079111334617278431670318273166767323420477979878472194836735440320932287184646889304086238981125263026e+230
-1.3710063580265862929785987591935003170640740516358673303914952150589968448225238782279928446683934304247388624684588238222493161634508535366794947715850735344778707255332344067382914603777396670644831509684404897822326494013904286612161454087902703362e+231
-1.5817277559898182499206119368972338628046953037186744473965837648511687128870085638223476576777578942069096588309420569575273324430651140127361117850596560125950523991025731359881489320278201753542841896180899293818143363038571270029192811672837570317e+232
-1.7572743666067177766571922696674118649686877201447995073881139253516931339039193340582698946190110129244276226019550254514634190170712785564983541268342834894498145584648776966283961803773847397157686595979753735287178082675305140632310815412921442842e+233
-1.8767098022250174208060629868928017880041916802408616312615095100452785842386476229449093868027848363232422818766522039318002605489412261897546592870540104377875715860821583789691420870981461518708691556112083224572182016591968242283608442817248787775e+234
-1.9229657722504672386242788619172288625718226034932038146850725268074572349984125199516505987726959185545829764615531194139426806366339886159761773152979925283694247166834993386856670075137422361929447631700536833162209700672656146044967894365643109351e+235
-1.8864865120384725692150663921210140834264072710998636513895074805340810040706032007141025859332434441495310789473215858905472293563226056276101934159546747955365235627667331818698808660401887481342714030175995639035451116710123585089467847869601834681e+236
-1.7678559197859293168666408235547082224742886916826045738347290417942815666604056617804259916931084573676930575689450058162498101139368984015144426332243392439371781077290170817378692326984092807690933024632353813521220173229103927721140960855663783916e+237
-1.5785316404720253487859871882126359458874647343916274852089505249673686346617570402350099207924891740533977618134116773371158421846517893204793324337208700579430705510770243605226120515304469524862608677445154018111679064204023066006394946981961377584e+238
-1.3392379788325875153735094976913295390627697633379639060254420829244593220262221297170266823715366868252764535795177713636078424639498067088396739315817873586526959076619402103381002530953930425565611889031579506162782457877539009849285425566024082144e+239
-1.0762356883344553397585241306611255678796080168941396025564808594254953740888126290090288777898643653259015610376415407804228741020354534074317663306071807799211365992394871390936449249779942953307015821418215693445627269950324067073643311870236861303e+240
-8.1636913926547735474134756807094375351793990875161261582574928558016116734863975506366183432871602030481115762252204178152752186330343738443419188628455234150736366217617813042192085581806231443348481082281473360168800595537505280309656126938774143038e+240
-5.8221771391055122196090587224812331242370915834352328195053535176822781901835414869302882234299480560591321168538427970555131355793282852651034050438144823403992624244532286415950515505061206749112518462011424238266524925781092406519549218938845816113e+241
-3.8865064868520042374941171585049049847524631878323264977820595523060076929710025891187336134133999453062487384223579667281182028433729866116846002914760849262778901900635807376051922535692212164092163612952764560429069979381222657343705008709900221109e+242
-2.4158901903581320810882502991730898392104466668983449154029264714385411439252050671081802539328573443765882023980707964607248878237180169247130412854132403495957750641107905099801014448726180740803837482316921462483398186938922495210794037584000534263e+243
-1.3901178471529407039670067618367060759901526874211943130656857182195599890552832374103242104583115532326344408532034400874974354093680466078870508348903984261456144403496399189315453489650237595034486111348743021938355704211573536246241879924379902483e+244
-7.3526957507650217208278673988713826525851868984559939661716182634853128607133756764424054547427747085683540492582533712806648840784421542099139873124293711661790092051650739589347758164393324189043005787258910788270138032451867076000410282456069327927e+244
-3.5452631837012870616497771307695454619754866023260475600636535887229527677499572987382181069489838969920330870614662341195000404503646427920798964550304789470357475578321757688179587300369698866109847548472914717854341370250499337744640744154271590872e+245
-1.5427056516355093140553014597915923976792569904167995806398983530264491766946822175701080008672191805210317040294589186534917659266647580857043221025767479097723808326940131212841152222355455495416645621780763887619301545826818765711908523865265517983e+246
-5.9833726068084970944907932451191635617338966224131042092477575399843004920560792222729374680210638102791960916468190711821807221174249001572472763610220627121941415958004776642458610836549931196978978511819019406670092410708180270530079706643171155190e+246
-2.0360517814120224265906923353406295101304062404926054362456023894229158888780115133010636306274722307294860217666044896193818111235232924016577985370846849515621058361744836622057737083397038278155289209093860938273726650716817770807183361529989149332e+247
-5.9545298473448217830165290993978909411715074006169122169848452511188680367239221056897773703679722731348457805449571186142840447350380791863188894713263281244062303460609836815529591674018638885434277074955103653885170292422797260610664193954039190352e+247
-1.4550523284797515042141670054071367210367197758464166859358417987869322625374285119955448256374532554098904475705980903039918494293376555075289558866960179730599867159715315678421542708676293136339667355182242072506602779420972376057811394775351206092e+248
-2.8519677683397475596220201522648526557529031717398347050726955396700674055402854975552974305612636294977889370372807024435304314975469198816737788902559764388628676519358249874624820844257400718517425107984366052393047578241284946846692201649087236719e+248
-4.2034705987261483772913191199017275238937076765212730089261360840461089834870267016475438444778701680695924605566190283772793093163445345817865800943721071408353136064609633598093156682724365371377754124663344909469318126717737934796091327561750500003e+248
-4.1410231210855682219853703639584436864211276209330753212986752674248689263310331798279926879340494005302636883638303717677349525173456361925696738587603877571594759410459507310605936065501521360996671225057982588131219050982128068645567463493280888266e+248
-2.0450138999905850795755000498599811492681566933130600724389551000944198766431928884279206147717399271701096748364260077736150573624730149809395499793308133136627820814614195878456248557696489978066083713534698968395921613525909141854908201438336249088e+248
